{'elname':'C', 'pos':Position([ -2.98493585891455640945, .29010509145140795937, 6.37758769652207237953]), 'crg':-0.0610790, 'pol':Polarizability(iso=1.0)}
{'elname':'C', 'pos':Position([ -1.48365991580891996102, 1.76423322849132577896, 4.86905898440068846503]), 'crg':-0.2461070, 'pol':Polarizability(iso=1.0)}
{'elname':'C', 'pos':Position([ -.71595299268373618515, .91863179290415384487, 2.42017040794652528491]), 'crg':0.2303970, 'pol':Polarizability(iso=1.0)}
{'elname':'C', 'pos':Position([ .81726499176457337920, 2.38108898115791836836, .83428953477209524522]), 'crg':-0.4569180, 'pol':Polarizability(iso=1.0)}
{'elname':'C', 'pos':Position([ -1.55786379307347330912, -1.53350144337284372796, 1.56101396658812964730]), 'crg':0.2124010, 'pol':Polarizability(iso=1.0)}
{'elname':'C', 'pos':Position([ -3.12234351744557399676, -3.01006165798526467126, 3.19610330906169048855]), 'crg':-0.2171390, 'pol':Polarizability(iso=1.0)}
{'elname':'C', 'pos':Position([ -3.81557633246481518856, -2.12962878975133471358, 5.52976772241887972497]), 'crg':-0.1103310, 'pol':Polarizability(iso=1.0)}
{'elname':'H', 'pos':Position([ -3.55310659642932461942, .95790786148760755376, 8.23449687552676116809]), 'crg':0.0947330, 'pol':Polarizability(iso=1.0)}
{'elname':'H', 'pos':Position([ -.84852673168836450247, 3.61001381011880330445, 5.51217437183612597065]), 'crg':0.1223430, 'pol':Polarizability(iso=1.0)}
{'elname':'H', 'pos':Position([ 1.45103757304736485245, 4.22759710735836691376, 1.48153208414875017290]), 'crg':0.2062130, 'pol':Polarizability(iso=1.0)}
{'elname':'H', 'pos':Position([ -3.75344591565925364887, -4.85469706555762417579, 2.54584853618031918230]), 'crg':0.1183710, 'pol':Polarizability(iso=1.0)}
{'elname':'H', 'pos':Position([ -5.00512493735557767794, -3.27291311870579458071, 6.75235818927950788507]), 'crg':0.1071160, 'pol':Polarizability(iso=1.0)}
{'elname':'C', 'pos':Position([ 1.55786379307347330912, 1.53350144337284372796, -1.56101396658812964730]), 'crg':0.2124010, 'pol':Polarizability(iso=1.0)}
{'elname':'C', 'pos':Position([ -.81726499176457337920, -2.38108898115791836836, -.83428953477209524522]), 'crg':-0.4569180, 'pol':Polarizability(iso=1.0)}
{'elname':'C', 'pos':Position([ .71595299268373618515, -.91863179290415384487, -2.42017040794652528491]), 'crg':0.2303970, 'pol':Polarizability(iso=1.0)}
{'elname':'C', 'pos':Position([ 3.12234351744557399676, 3.01006165798526467126, -3.19610330906169048855]), 'crg':-0.2171390, 'pol':Polarizability(iso=1.0)}
{'elname':'H', 'pos':Position([ -1.45103757304736485245, -4.22759710735836691376, -1.48153208414875017290]), 'crg':0.2062130, 'pol':Polarizability(iso=1.0)}
{'elname':'C', 'pos':Position([ 1.48365991580891996102, -1.76423322849132577896, -4.86905898440068846503]), 'crg':-0.2461070, 'pol':Polarizability(iso=1.0)}
{'elname':'C', 'pos':Position([ 3.81557633246481518856, 2.12962878975133471358, -5.52976772241887972497]), 'crg':-0.1103310, 'pol':Polarizability(iso=1.0)}
{'elname':'H', 'pos':Position([ 3.75344591565925364887, 4.85469706555762417579, -2.54584853618031918230]), 'crg':0.1183710, 'pol':Polarizability(iso=1.0)}
{'elname':'C', 'pos':Position([ 2.98493585891455640945, -.29010509145140795937, -6.37758769652207237953]), 'crg':-0.0610790, 'pol':Polarizability(iso=1.0)}
{'elname':'H', 'pos':Position([ .84852673168836450247, -3.61001381011880330445, -5.51217437183612597065]), 'crg':0.1223430, 'pol':Polarizability(iso=1.0)}
{'elname':'H', 'pos':Position([ 5.00512493735557767794, 3.27291311870579458071, -6.75235818927950788507]), 'crg':0.1071160, 'pol':Polarizability(iso=1.0)}
{'elname':'H', 'pos':Position([ 3.55310659642932461942, -.95790786148760755376, -8.23449687552676116809]), 'crg':0.0947330, 'pol':Polarizability(iso=1.0)}
{'elname':'pi', 'pos':Position([ -2.23429788736173818523, 1.02716915997136686916, 5.62332334046138042228]), 'crg':'0.0', 'pol':Polarizability(noniso =[ [0.336928606682,-0.329853957509,0.337551501261], [-0.329853957509,0.324889157161,-0.331447505033], [0.337551501261, -0.331447505033, 0.340182236158 ]])}
{'elname':'pi', 'pos':Position([ -3.40025609568968579900, -.91976184914996337710, 5.95367770947047605225]), 'crg':'0.0', 'pol':Polarizability(noniso =[ [0.0958906325307,-0.276425343882,-0.0968531827867], [-0.276425343882,0.806253044503,0.282142437497], [-0.0968531827867, 0.282142437497, 0.0998563229662 ]])}
{'elname':'single', 'pos':Position([ -3.26902122767194051443, .62400647646950775656, 7.30604228602441677381]), 'crg':'0.0', 'pol':Polarizability(noniso =[ [0.0774770130878,0.0898877006716,0.249944001352], [0.0898877006716,0.106650030065,0.29377313092], [0.249944001352, 0.29377313092, 0.817872956847 ]])}
{'elname':'pi', 'pos':Position([ -1.09980645424632807308, 1.34143251069773981191, 3.64461469617360687497]), 'crg':'0.0', 'pol':Polarizability(noniso =[ [0.0816391682593,0.0888211300311,0.25722880961], [0.0888211300311,0.0988332652766,0.283328239109], [0.25722880961, 0.283328239109, 0.821527566464 ]])}
{'elname':'single', 'pos':Position([ -1.16609332374864223174, 2.68712351930506454170, 5.19061667811840721784]), 'crg':'0.0', 'pol':Polarizability(noniso =[ [0.0964073259664,-0.277266239612,-0.0966063826251], [-0.277266239612,0.80677216529,0.280750855992], [-0.0966063826251, 0.280750855992, 0.0988205087437 ]])}
{'elname':'pi', 'pos':Position([ .05065599954041859702, 1.64986038703103610661, 1.62722997135931026506]), 'crg':'0.0', 'pol':Polarizability(noniso =[ [0.336268422861,-0.319795175886,0.346784204587], [-0.319795175886,0.306036047377,-0.330779483358], [0.346784204587, -0.330779483358, 0.359695529762 ]])}
{'elname':'single', 'pos':Position([ -1.13690839287860474713, -.30743482523434494154, 1.99059218726732746610]), 'crg':'0.0', 'pol':Polarizability(noniso =[ [0.0959212441381,-0.276465793612,-0.0968656041534], [-0.276465793612,0.806228963561,0.282128899269], [-0.0968656041534, 0.282128899269, 0.099849792301 ]])}
{'elname':'single', 'pos':Position([ 1.13415128240596911582, 3.30434304425814264106, 1.15791080946042270906]), 'crg':'0.0', 'pol':Polarizability(noniso =[ [0.0958578418786,-0.276370075064,-0.0968739153745], [-0.276370075064,0.80620932037,0.282243942447], [-0.0968739153745, 0.282243942447, 0.099932837751 ]])}
{'elname':'pi', 'pos':Position([ 1.18756439241902334416, 1.95729521226538104816, -.36336221590801720104]), 'crg':'0.0', 'pol':Polarizability(noniso =[ [0.0792280335668,0.0895290489797,0.253011323237], [0.0895290489797,0.103462637059,0.28956196542], [0.253011323237, 0.28956196542, 0.819309329374 ]])}
{'elname':'pi', 'pos':Position([ -2.34010365525952365294, -2.27178155067905419961, 2.37855863782491006792]), 'crg':'0.0', 'pol':Polarizability(noniso =[ [0.335890288697,-0.316070364382,0.350004882401], [-0.316070364382,0.299308068679,-0.330335558986], [0.350004882401, -0.330335558986, 0.366801642624 ]])}
{'elname':'pi', 'pos':Position([ -1.18756439241902334416, -1.95729521226538104816, .36336221590801720104]), 'crg':'0.0', 'pol':Polarizability(noniso =[ [0.0792280335668,0.0895290489797,0.253011323237], [0.0895290489797,0.103462637059,0.28956196542], [0.253011323237, 0.28956196542, 0.819309329374 ]])}
{'elname':'pi', 'pos':Position([ -3.46895992495519459266, -2.56984522386829969242, 4.36293551574028510676]), 'crg':'0.0', 'pol':Polarizability(noniso =[ [0.072636971254,0.0909817635667,0.241155131255], [0.0909817635667,0.116550408634,0.306276476387], [0.241155131255, 0.306276476387, 0.812812620112 ]])}
{'elname':'single', 'pos':Position([ -3.43789471655241382281, -3.93237936177144442352, 2.87097592262100483542]), 'crg':'0.0', 'pol':Polarizability(noniso =[ [0.0952023355599,-0.275341947902,-0.097061140138], [-0.275341947902,0.805790962176,0.283697885327], [-0.097061140138, 0.283697885327, 0.101006702264 ]])}
{'elname':'single', 'pos':Position([ -4.41035063491019643325, -2.70127095422856464714, 6.14106295584919380502]), 'crg':'0.0', 'pol':Polarizability(noniso =[ [0.336228916455,-0.322191094353,0.344540505356], [-0.322191094353,0.310660343081,-0.331140534186], [0.344540505356, -0.331140534186, 0.355110740463 ]])}
{'elname':'single', 'pos':Position([ 1.13690839287860474713, .30743482523434494154, -1.99059218726732746610]), 'crg':'0.0', 'pol':Polarizability(noniso =[ [0.0959212441381,-0.276465793612,-0.0968656041534], [-0.276465793612,0.806228963561,0.282128899269], [-0.0968656041534, 0.282128899269, 0.099849792301 ]])}
{'elname':'pi', 'pos':Position([ 2.34010365525952365294, 2.27178155067905419961, -2.37855863782491006792]), 'crg':'0.0', 'pol':Polarizability(noniso =[ [0.335890288697,-0.316070364382,0.350004882401], [-0.316070364382,0.299308068679,-0.330335558986], [0.350004882401, -0.330335558986, 0.366801642624 ]])}
{'elname':'pi', 'pos':Position([ -.05065599954041859702, -1.64986038703103610661, -1.62722997135931026506]), 'crg':'0.0', 'pol':Polarizability(noniso =[ [0.336268422861,-0.319795175886,0.346784204587], [-0.319795175886,0.306036047377,-0.330779483358], [0.346784204587, -0.330779483358, 0.359695529762 ]])}
{'elname':'single', 'pos':Position([ -1.13415128240596911582, -3.30434304425814264106, -1.15791080946042270906]), 'crg':'0.0', 'pol':Polarizability(noniso =[ [0.0958578418786,-0.276370075064,-0.0968739153745], [-0.276370075064,0.80620932037,0.282243942447], [-0.0968739153745, 0.282243942447, 0.099932837751 ]])}
{'elname':'pi', 'pos':Position([ 1.09980645424632807308, -1.34143251069773981191, -3.64461469617360687497]), 'crg':'0.0', 'pol':Polarizability(noniso =[ [0.0816391682593,0.0888211300311,0.25722880961], [0.0888211300311,0.0988332652766,0.283328239109], [0.25722880961, 0.283328239109, 0.821527566464 ]])}
{'elname':'pi', 'pos':Position([ 3.46895992495519459266, 2.56984522386829969242, -4.36293551574028510676]), 'crg':'0.0', 'pol':Polarizability(noniso =[ [0.072636971254,0.0909817635667,0.241155131255], [0.0909817635667,0.116550408634,0.306276476387], [0.241155131255, 0.306276476387, 0.812812620112 ]])}
{'elname':'single', 'pos':Position([ 3.43789471655241382281, 3.93237936177144442352, -2.87097592262100483542]), 'crg':'0.0', 'pol':Polarizability(noniso =[ [0.0952023355599,-0.275341947902,-0.097061140138], [-0.275341947902,0.805790962176,0.283697885327], [-0.097061140138, 0.283697885327, 0.101006702264 ]])}
{'elname':'pi', 'pos':Position([ 2.23429788736173818523, -1.02716915997136686916, -5.62332334046138042228]), 'crg':'0.0', 'pol':Polarizability(noniso =[ [0.336928606682,-0.329853957509,0.337551501261], [-0.329853957509,0.324889157161,-0.331447505033], [0.337551501261, -0.331447505033, 0.340182236158 ]])}
{'elname':'single', 'pos':Position([ 1.16609332374864223174, -2.68712351930506454170, -5.19061667811840721784]), 'crg':'0.0', 'pol':Polarizability(noniso =[ [0.0964073259664,-0.277266239612,-0.0966063826251], [-0.277266239612,0.80677216529,0.280750855992], [-0.0966063826251, 0.280750855992, 0.0988205087437 ]])}
{'elname':'pi', 'pos':Position([ 3.40025609568968579900, .91976184914996337710, -5.95367770947047605225]), 'crg':'0.0', 'pol':Polarizability(noniso =[ [0.0958906325307,-0.276425343882,-0.0968531827867], [-0.276425343882,0.806253044503,0.282142437497], [-0.0968531827867, 0.282142437497, 0.0998563229662 ]])}
{'elname':'single', 'pos':Position([ 4.41035063491019643325, 2.70127095422856464714, -6.14106295584919380502]), 'crg':'0.0', 'pol':Polarizability(noniso =[ [0.336228916455,-0.322191094353,0.344540505356], [-0.322191094353,0.310660343081,-0.331140534186], [0.344540505356, -0.331140534186, 0.355110740463 ]])}
{'elname':'single', 'pos':Position([ 3.26902122767194051443, -.62400647646950775656, -7.30604228602441677381]), 'crg':'0.0', 'pol':Polarizability(noniso =[ [0.0774770130878,0.0898877006716,0.249944001352], [0.0898877006716,0.106650030065,0.29377313092], [0.249944001352, 0.29377313092, 0.817872956847 ]])}
