{'elname':'pi', 'pos':Position([ -1.38532990461418216808, 1.63771228238858363511, .76635009973974691275]), 'crg':'0.0', 'pol':Polarizability(noniso =[ [0.167992501387,-0.261521708321,0.26560385811], [-0.261521708321,0.410560928516,-0.41595385501], [0.26560385811, -0.41595385501, 0.423446570097 ]])}
{'elname':'pi', 'pos':Position([ .53346969597329590164, 2.73604947454274296019, -1.56294526672728908198]), 'crg':'0.0', 'pol':Polarizability(noniso =[ [0.460594649335,-0.0852979547786,0.490542630053], [-0.0852979547786,0.0168307784913,-0.0910417106373], [0.490542630053, -0.0910417106373, 0.524574572174 ]])}
{'elname':'single', 'pos':Position([ -.96149267201988294279, .38717654502121406591, .80816973973935384971]), 'crg':'0.0', 'pol':Polarizability(noniso =[ [0.00349057865003,-0.0457891416843,0.0196275213204], [-0.0457891416843,0.84283067102,-0.360850822616], [0.0196275213204, -0.360850822616, 0.15567875033 ]])}
{'elname':'pi', 'pos':Position([ -.42383723259429922529, 1.25053573736736956920, -.04181963999960693696]), 'crg':'0.0', 'pol':Polarizability(noniso =[ [0.431036942833,-0.13046953806,0.47712978667], [-0.13046953806,0.0405833442805,-0.144757104939], [0.47712978667, -0.144757104939, 0.530379712887 ]])}
{'elname':'single', 'pos':Position([ 0, 0, 0]), 'crg':'0.0', 'pol':Polarizability(noniso =[ [0.531750927841,0.219618016103,0.447539446878], [0.219618016103,0.091875155307,0.185186158507], [0.447539446878, 0.185186158507, 0.378373916852 ]])}
{'elname':'pi', 'pos':Position([ -.19271427415996002851, 3.07961113970896705299, -.93171058768216015353]), 'crg':'0.0', 'pol':Polarizability(noniso =[ [0.393289275039,0.425151050795,0.239275352808], [0.425151050795,0.461765632642,0.259319268072], [0.239275352808, 0.259319268072, 0.14694509232 ]])}
{'elname':'single', 'pos':Position([ .96149267201988294279, -.38717654502121406591, -.80816973973935384971]), 'crg':'0.0', 'pol':Polarizability(noniso =[ [0.00349057865003,-0.0457891416843,0.0196275213204], [-0.0457891416843,0.84283067102,-0.360850822616], [0.0196275213204, -0.360850822616, 0.15567875033 ]])}
{'elname':'pi', 'pos':Position([ -2.44667570711663314292, 2.92206466945287892221, 1.36283271463698738343]), 'crg':'0.0', 'pol':Polarizability(noniso =[ [0.173417314683,-0.267874976969,0.26600782635], [-0.267874976969,0.417182118473,-0.413281232736], [0.26600782635, -0.413281232736, 0.411400566844 ]])}
{'elname':'single', 'pos':Position([ -1.68767664215313887295, .73073821018743815871, 1.43940441878448277816]), 'crg':'0.0', 'pol':Polarizability(noniso =[ [0.00412461153072,-0.0512622066092,0.0219979520756], [-0.0512622066092,0.842004969935,-0.360897203762], [0.0219979520756, -0.360897203762, 0.155870418535 ]])}
{'elname':'pi', 'pos':Position([ -.75899906496349426997, 2.19132645926544076350, -.07657170414749539473]), 'crg':'0.0', 'pol':Polarizability(noniso =[ [0.432364555208,-0.129243353338,0.477654652213], [-0.129243353338,0.0397232659252,-0.143112567419], [0.477654652213, -0.143112567419, 0.529912178867 ]])}
{'elname':'single', 'pos':Position([ 0, 0, 0]), 'crg':'0.0', 'pol':Polarizability(noniso =[ [0.535249855063,0.216381103008,0.448856230695], [0.216381103008,0.0886383611437,0.181795100868], [0.448856230695, 0.181795100868, 0.378111783793 ]])}
{'elname':'single', 'pos':Position([ 1.68767664215313887295, -.73073821018743815871, -1.43940441878448277816]), 'crg':'0.0', 'pol':Polarizability(noniso =[ [0.00412461153072,-0.0512622066092,0.0219979520756], [-0.0512622066092,0.842004969935,-0.360897203762], [0.0219979520756, -0.360897203762, 0.155870418535 ]])}
