{'elname':'pi', 'pos':Position([ -.76492524621242185037, -2.15348752742937526408, .00006897500496997980]), 'crg':'0.0', 'pol':Polarizability(noniso =[ [0.888133958214,0.315024066757,-4.24663391563e-05], [0.315024066757,0.112866039753,-1.50799309816e-05], [-4.24663391563e-05, -1.50799309816e-05, 0.00100000203283 ]])}
{'elname':'pi', 'pos':Position([ -2.24769321127214097659, -.41437253910410350257, -.00004913288025258835]), 'crg':'0.0', 'pol':Polarizability(noniso =[ [0.0338467855059,0.178143277554,-8.04286115401e-06], [0.178143277554,0.967153212525,-4.36201480547e-05], [-8.04286115401e-06, -4.36201480547e-05, 0.00100000196937 ]])}
{'elname':'single', 'pos':Position([ -2.78973848457567710777, -2.37813439430119060307, -.00005763664798861326]), 'crg':'0.0', 'pol':Polarizability(noniso =[ [0.579412857801,-0.49322713673,-4.96652640931e-05], [-0.49322713673,0.421587137935,4.23508151197e-05], [-4.96652640931e-05, 4.23508151197e-05, 0.00100000426449 ]])}
{'elname':'pi', 'pos':Position([ 1.48273017053644790440, -1.73921419894885871877, .00001228322006314709]), 'crg':'0.0', 'pol':Polarizability(noniso =[ [0.579638504004,-0.493190979945,6.69715449226e-05], [-0.493190979945,0.421361488244,-5.70818596416e-05], [6.69715449226e-05, -5.70818596416e-05, 0.00100000775128 ]])}
{'elname':'single', 'pos':Position([ .66462425062908983984, -3.60487281009083535722, .00013795000993995961]), 'crg':'0.0', 'pol':Polarizability(noniso =[ [0.0337902699665,0.177995162545,-1.6654783051e-06], [0.177995162545,0.967209729949,-9.04070268204e-06], [-1.6654783051e-06, -9.04070268204e-06, 0.00100000008459 ]])}
{'elname':'pi', 'pos':Position([ 2.24758266229157265278, .41435647643171323330, -.00004440856484368563]), 'crg':'0.0', 'pol':Polarizability(noniso =[ [0.0338471402186,0.178144206729,8.17147891065e-06], [0.178144206729,0.967152857749,4.43174540813e-05], [8.17147891065e-06, 4.43174540813e-05, 0.00100000203284 ]])}
{'elname':'single', 'pos':Position([ 3.45444304856671829398, -1.22694156135222757140, -.00019747638409213397]), 'crg':'0.0', 'pol':Polarizability(noniso =[ [0.888140453922,0.315016064872,8.57648603997e-05], [0.315016064872,0.112859537786,3.04543758634e-05], [8.57648603997e-05, 3.04543758634e-05, 0.00100000829137 ]])}
{'elname':'pi', 'pos':Position([ .76496115100952951110, 2.15358768291604400189, .00006519555264285762]), 'crg':'0.0', 'pol':Polarizability(noniso =[ [0.888134732656,0.315023114647,3.57308942582e-05], [0.315023114647,0.112865265905,1.26881038291e-05], [3.57308942582e-05, 1.26881038291e-05, 0.00100000143912 ]])}
{'elname':'single', 'pos':Position([ 2.78975549211114915759, 2.37810037923024650343, .00001417294622670817]), 'crg':'0.0', 'pol':Polarizability(noniso =[ [0.579660593665,-0.493187439429,6.99664826801e-07], [-0.493187439429,0.421339406334,-5.96318305006e-07], [6.99664826801e-07, -5.96318305006e-07, 0.00100000000085 ]])}
{'elname':'pi', 'pos':Position([ -1.48265930580531436350, 1.73913199586074381133, .00000377945232712218]), 'crg':'0.0', 'pol':Polarizability(noniso =[ [0.579643401886,-0.493190194358,-6.42402987183e-05], [-0.493190194358,0.421356590982,5.47533857765e-05], [-6.42402987183e-05, 5.47533857765e-05, 0.00100000713188 ]])}
{'elname':'single', 'pos':Position([ -.66463936843839832857, 3.60485769228152686850, .00007464418346066308]), 'crg':'0.0', 'pol':Polarizability(noniso =[ [0.0338726584404,0.178211037979,-7.17059125511e-06], [0.178211037979,0.967127339995,-3.88735980333e-05], [-7.17059125511e-06, -3.88735980333e-05, 0.00100000156414 ]])}
{'elname':'single', 'pos':Position([ -3.45444115884055473289, 1.22698313532782591540, -.00011338356981366543]), 'crg':'0.0', 'pol':Polarizability(noniso =[ [0.887985734223,0.315206370092,-5.19737998355e-06], [0.315206370092,0.113014265747,-1.84698266883e-06], [-5.19737998355e-06, -1.84698266883e-06, 0.00100000003045 ]])}
