{'elname':'single', 'pos':Position([ -3.53488396703410502190, -1.66224565230701549499, .82946789846576912233]), 'crg':'0.0', 'pol':Polarizability(noniso =[ [0.00268388140295,0.0246334988055,-0.0327498519319], [0.0246334988055,0.361363421283,-0.479097540381], [-0.0327498519319, -0.479097540381, 0.637952697314 ]])}
{'elname':'single', 'pos':Position([ -3.53492365128353980481, -1.66217478757588195409, -.82963230464199893721]), 'crg':'0.0', 'pol':Polarizability(noniso =[ [0.00268075074636,0.0246078039227,0.032721568707], [0.0246078039227,0.361281865238,0.47907516836], [0.032721568707, 0.47907516836, 0.638037384016 ]])}
{'elname':'single', 'pos':Position([ -2.42091496005496835464, -.16469908378516685904, -.00005102260641614944]), 'crg':'0.0', 'pol':Polarizability(noniso =[ [0.637107679756,-0.48045664927,-2.07858967304e-06], [-0.48045664927,0.363892320237,1.56997354583e-06], [-2.07858967304e-06, 1.56997354583e-06, 0.00100000000679 ]])}
{'elname':'single', 'pos':Position([ -4.83565618473358262600, -.32208020300194339438, .00001228322006314709]), 'crg':'0.0', 'pol':Polarizability(noniso =[ [0.75548675677,0.429513681102,4.02305902878e-05], [0.429513681102,0.245513241085,2.29024416563e-05], [4.02305902878e-05, 2.29024416563e-05, 0.00100000214517 ]])}
{'elname':'single', 'pos':Position([ -1.30774341751685446765, 1.33377723000915383353, -.83004615467181881607]), 'crg':'0.0', 'pol':Polarizability(noniso =[ [0.00274417382349,0.0250845225275,-0.0333189771287], [0.0250845225275,0.36176293656,-0.47918998733], [-0.0333189771287, -0.47918998733, 0.637492889617 ]])}
{'elname':'single', 'pos':Position([ -1.30774719696918158983, 1.33378667863997163898, .82994410945898651718]), 'crg':'0.0', 'pol':Polarizability(noniso =[ [0.00274447793958,0.0250870934136,0.0333215846324], [0.0250870934136,0.361773983818,0.479193051054], [0.0333215846324, 0.479193051054, 0.637481538242 ]])}
{'elname':'single', 'pos':Position([ 0, 0, -.00003307020786231908]), 'crg':'0.0', 'pol':Polarizability(noniso =[ [0.761044289919,0.426165370388,-8.52021740892e-06], [0.426165370388,0.239955709986,-4.77738160265e-06], [-8.52021740892e-06, -4.77738160265e-06, 0.00100000009551 ]])}
{'elname':'single', 'pos':Position([ -6.17894535138702120952, 1.00141691667743810579, -.83581076433376192323]), 'crg':'0.0', 'pol':Polarizability(noniso =[ [0.00774236372317,0.0480751522471,-0.0661735719702], [0.0480751522471,0.343790801338,-0.47183816801], [-0.0661735719702, -0.47183816801, 0.650466834939 ]])}
{'elname':'single', 'pos':Position([ -6.90040973042678331567, -.25571207527459610882, .00004062911251656344]), 'crg':'0.0', 'pol':Polarizability(noniso =[ [0.606802097147,-0.488057489744,-2.90942938973e-05], [-0.488057489744,0.394197901456,2.34394831452e-05], [-2.90942938973e-05, 2.34394831452e-05, 0.00100000139728 ]])}
{'elname':'single', 'pos':Position([ -6.17892928871463094025, 1.00130353310762444035, .83605170441961596228]), 'crg':'0.0', 'pol':Polarizability(noniso =[ [0.0077398395648,0.0480572450996,0.0661677828049], [0.0480572450996,0.34366376586,0.471797781739], [0.0661677828049, 0.471797781739, 0.650596394575 ]])}
{'elname':'single', 'pos':Position([ 1.30774625210609980928, -1.33379707213387122498, -.83000363583313869153]), 'crg':'0.0', 'pol':Polarizability(noniso =[ [0.00274439896284,0.0250869204181,0.0333205351109], [0.0250869204181,0.361785341812,0.479196348095], [0.0333205351109, 0.479196348095, 0.637470259226 ]])}
{'elname':'single', 'pos':Position([ 1.30774436237993624819, -1.33376683651525424753, .82998757316074842227]), 'crg':'0.0', 'pol':Polarizability(noniso =[ [0.00274425026378,0.0250846591267,-0.0333200162219], [0.0250846591267,0.36175105538,-0.479186540132], [-0.0333200162219, -0.479186540132, 0.637504694356 ]])}
{'elname':'single', 'pos':Position([ 2.42091496005496835464, .16469908378516685904, -.00002929075553519690]), 'crg':'0.0', 'pol':Polarizability(noniso =[ [0.637107679727,-0.480456649248,5.7161216006e-06], [-0.480456649248,0.363892320221,-4.31742725084e-06], [5.7161216006e-06, -4.31742725084e-06, 0.00100000005137 ]])}
{'elname':'single', 'pos':Position([ 3.53488774648643214409, 1.66224376258085193390, .82948396113815939160]), 'crg':'0.0', 'pol':Polarizability(noniso =[ [0.00268358472413,0.0246312667531,0.0327470209336], [0.0246312667531,0.36136161006,0.479097129132], [0.0327470209336, 0.479097129132, 0.637954805216 ]])}
{'elname':'single', 'pos':Position([ 3.53491987183121268263, 1.66217667730204551518, -.82961529710652688739]), 'crg':'0.0', 'pol':Polarizability(noniso =[ [0.00268104961966,0.0246100714573,-0.0327244102327], [0.0246100714573,0.361284199855,-0.479075730311], [-0.0327244102327, -0.479075730311, 0.638034750525 ]])}
{'elname':'single', 'pos':Position([ 4.83565618473358262600, .32208020300194339438, .00001322808314492763]), 'crg':'0.0', 'pol':Polarizability(noniso =[ [0.755486757382,0.42951368145,-3.17311698302e-05], [0.42951368145,0.245513241283,-1.80638976591e-05], [-3.17311698302e-05, -1.80638976591e-05, 0.00100000133451 ]])}
{'elname':'single', 'pos':Position([ 6.17894913083934833170, -1.00139896427888427543, -.83583627563696999795]), 'crg':'0.0', 'pol':Polarizability(noniso =[ [0.00774296606117,0.0480758923338,0.0661775194467], [0.0480758923338,0.343770733639,0.471831427146], [0.0661775194467, 0.471831427146, 0.6504863003 ]])}
{'elname':'single', 'pos':Position([ 6.90040973042678331567, .25571207527459610882, .00004724315408902726]), 'crg':'0.0', 'pol':Polarizability(noniso =[ [0.606802097793,-0.488057490265,1.41923385016e-05], [-0.488057490265,0.394197901875,-1.14338942294e-05], [1.41923385016e-05, -1.14338942294e-05, 0.00100000033249 ]])}
{'elname':'single', 'pos':Position([ 6.17892550926230381807, -1.00132148550617827071, .83602713797948966810]), 'crg':'0.0', 'pol':Polarizability(noniso =[ [0.00773922749223,0.0480564346129,-0.0661638131447], [0.0480564346129,0.343683328373,-0.471804366864], [-0.0661638131447, -0.471804366864, 0.650577444134 ]])}
