{'elname':'C', 'pos':Position([ -3.90423850460677444152, -.00086738430907454062, .00087305348756522389]), 'crg':0., 'pol':Polarizability(iso=1.0)}
{'elname':'H', 'pos':Position([ -4.66461706966966830770, .67347572797920998863, -1.80619270822703623663]), 'crg':0., 'pol':Polarizability(iso=1.0)}
{'elname':'H', 'pos':Position([ -4.66045400293134322491, 1.22617338766673998804, 1.49108842935787860852]), 'crg':0., 'pol':Polarizability(iso=1.0)}
{'elname':'H', 'pos':Position([ -4.65661029991465996645, -1.90602505172180509666, .32099077586865042560]), 'crg':0., 'pol':Polarizability(iso=1.0)}
{'elname':'C', 'pos':Position([ -1.14254922547683460285, .00318040913327331563, -.00261349128420498842]), 'crg':0., 'pol':Polarizability(iso=1.0)}
{'elname':'C', 'pos':Position([ 1.14247741588261928140, -.00076911854856936391, -.00020598015182815888]), 'crg':0., 'pol':Polarizability(iso=1.0)}
{'elname':'C', 'pos':Position([ 3.90428196830853634661, -.00043274729145548976, .00058203565837681593]), 'crg':0., 'pol':Polarizability(iso=1.0)}
{'elname':'H', 'pos':Position([ 4.66099635434028525794, .67652196655487046683, -1.80707332061925570489]), 'crg':0., 'pol':Polarizability(iso=1.0)}
{'elname':'H', 'pos':Position([ 4.65985684946365792025, 1.22727509802009610391, 1.49062166699547901912]), 'crg':0., 'pol':Polarizability(iso=1.0)}
{'elname':'H', 'pos':Position([ 4.66100202351877594121, -1.90407485432101005107, .31874200173401272768]), 'crg':0., 'pol':Polarizability(iso=1.0)}
{'elname':'single', 'pos':Position([ -4.28442778713822137461, .33630417183506772400, -.90265982736973550637]), 'crg':'0.0', 'pol':Polarizability(noniso =[ [0.135374946667,0.119170665656,-0.3193466735], [0.119170665656,0.10668672141,-0.283213177753], [-0.3193466735, -0.283213177753, 0.759938331924 ]])}
{'elname':'single', 'pos':Position([ -4.28234625376905883321, .61265300167883272371, .74598074142272191620]), 'crg':'0.0', 'pol':Polarizability(noniso =[ [0.133912767707,0.215665224336,0.261920908161], [0.215665224336,0.350939962807,0.42499477207], [0.261920908161, 0.42499477207, 0.517147269486 ]])}
{'elname':'single', 'pos':Position([ -4.28042440226071720398, -.95344621801543981864, .16093191467810782474]), 'crg':'0.0', 'pol':Polarizability(noniso =[ [0.132567153049,-0.333154660998,0.055978942375], [-0.333154660998,0.844615032878,-0.141750012354], [0.055978942375, -0.141750012354, 0.024817814073 ]])}
{'elname':'single', 'pos':Position([ -2.52339386504180452218, .00115651241209938750, -.00087021889831988226]), 'crg':'0.0', 'pol':Polarizability(noniso =[ [0.999996261669,-0.00146422356326,0.00126120096835], [-0.00146422356326,0.00100214610477,-1.84853562192e-06], [0.00126120096835, -1.84853562192e-06, 0.00100159222606 ]])}
{'elname':'triple', 'pos':Position([ -.00003590479710766072, .00120564529235197586, -.00140973571801657365]), 'crg':'0.0', 'pol':Polarizability(noniso =[ [0.999995906536,0.00172670283814,-0.00105254517502], [0.00172670283814,0.00100298449941,-1.81925944749e-06], [-0.00105254517502, -1.81925944749e-06, 0.00100110896485 ]])}
{'elname':'single', 'pos':Position([ 2.52337969209557781400, -.00060093292001242683, .00018802775327432852]), 'crg':'0.0', 'pol':Polarizability(noniso =[ [0.999999903851,-0.000121672206408,-0.000285041067821], [-0.000121672206408,0.00100001481895,3.4716295272e-08], [-0.000285041067821, 3.4716295272e-08, 0.00100008132975 ]])}
{'elname':'single', 'pos':Position([ 4.28263916132441080227, .33804460963170748853, -.90324564248043944448]), 'crg':'0.0', 'pol':Polarizability(noniso =[ [0.134079852996,-0.119052888998,0.317903972122], [-0.119052888998,0.107504403633,-0.284396063364], [0.317903972122, -0.284396063364, 0.760415743371 ]])}
{'elname':'single', 'pos':Position([ 4.28206940888609713343, .61342117536432030707, .74560185132692791752]), 'crg':'0.0', 'pol':Polarizability(noniso =[ [0.133683188871,-0.215592386645,-0.261659320288], [-0.215592386645,0.351308713373,0.425161302114], [-0.261659320288, 0.425161302114, 0.517008097757 ]])}
{'elname':'single', 'pos':Position([ 4.28264199591365614391, -.95225380080623277041, .15966201869619477180]), 'crg':'0.0', 'pol':Polarizability(noniso =[ [0.134106556376,0.334849385441,-0.055964127248], [0.334849385441,0.843363546797,-0.140786104952], [-0.055964127248, -0.140786104952, 0.0245298968279 ]])}
