{'elname':'C', 'pos':Position([ -1.07450585550549041039, -.97239261253130331389, -.00009259658201449344]), 'crg':0., 'pol':Polarizability(iso=1.0)}
{'elname':'H', 'pos':Position([ -.87643609739799825086, -2.20783699675647401286, 1.65907941611996888754]), 'crg':0., 'pol':Polarizability(iso=1.0)}
{'elname':'H', 'pos':Position([ -.87656081932479328285, -2.20769715702037049215, -1.65938366203230222314]), 'crg':0., 'pol':Polarizability(iso=1.0)}
{'elname':'C', 'pos':Position([ 1.07450585550549041039, .97239261253130331389, -.00009259658201449344]), 'crg':0., 'pol':Polarizability(iso=1.0)}
{'elname':'H', 'pos':Position([ .87656081932479328285, 2.20769715702037049215, -1.65938366203230222314]), 'crg':0., 'pol':Polarizability(iso=1.0)}
{'elname':'H', 'pos':Position([ .87643609739799825086, 2.20783699675647401286, 1.65907941611996888754]), 'crg':0., 'pol':Polarizability(iso=1.0)}
{'elname':'C', 'pos':Position([ -3.70884648847304834751, .22853781304258762471, .00008125822503312689]), 'crg':0., 'pol':Polarizability(iso=1.0)}
{'elname':'H', 'pos':Position([ -3.98783054145189928817, 1.42273703402187395828, -1.67180105265306215006]), 'crg':0., 'pol':Polarizability(iso=1.0)}
{'elname':'H', 'pos':Position([ -5.19916201983003046994, -1.21040362283182268623, .00011716302214078762]), 'crg':0., 'pol':Polarizability(iso=1.0)}
{'elname':'H', 'pos':Position([ -3.98766235582334235110, 1.42265010661835014811, 1.67205427595897933622]), 'crg':0., 'pol':Polarizability(iso=1.0)}
{'elname':'C', 'pos':Position([ 3.70884648847304834751, -.22853781304258762471, .00008125822503312689]), 'crg':0., 'pol':Polarizability(iso=1.0)}
{'elname':'H', 'pos':Position([ 3.98782865172573572708, -1.42274081347420108046, -1.67179916292689858897]), 'crg':0., 'pol':Polarizability(iso=1.0)}
{'elname':'H', 'pos':Position([ 5.19916201983003046994, 1.21040362283182268623, .00011149384365010435]), 'crg':0., 'pol':Polarizability(iso=1.0)}
{'elname':'H', 'pos':Position([ 3.98766424554950591219, -1.42264632716602302593, 1.67205616568514289731]), 'crg':0., 'pol':Polarizability(iso=1.0)}
{'elname':'single', 'pos':Position([ -.97547097645174433062, -1.59011480464388866337, .82949340976897719705]), 'crg':'0.0', 'pol':Polarizability(noniso =[ [0.0100756625062,0.0566087240353,-0.0760241511422], [0.0566087240353,0.354092419942,-0.474194604424], [-0.0760241511422, -0.474194604424, 0.637831917552 ]])}
{'elname':'single', 'pos':Position([ -.97553333741514184662, -1.59004488477583690302, -.82973812930715835829]), 'crg':'0.0', 'pol':Polarizability(noniso =[ [0.0100642360936,0.0565666725208,0.0759817283396], [0.0565666725208,0.354012477503,0.474174933239], [0.0759817283396, 0.474174933239, 0.637923286403 ]])}
{'elname':'single', 'pos':Position([ 0, 0, -.00009259658201449344]), 'crg':'0.0', 'pol':Polarizability(noniso =[ [0.550213206131,-0.497019966537,0.0], [-0.497019966537,0.450786793869,0.0], [0.0, 0.0, 0.001 ]])}
{'elname':'single', 'pos':Position([ -2.39167617198926937895, -.37192739974435784459, -.00000566917849068327]), 'crg':'0.0', 'pol':Polarizability(noniso =[ [0.828108524243,0.377058220788,5.45854970653e-05], [0.377058220788,0.172891472154,2.48841715458e-05], [5.45854970653e-05, 2.48841715458e-05, 0.0010000036024 ]])}
{'elname':'single', 'pos':Position([ .97553333741514184662, 1.59004488477583690302, -.82973812930715835829]), 'crg':'0.0', 'pol':Polarizability(noniso =[ [0.0100642360936,0.0565666725208,-0.0759817283396], [0.0565666725208,0.354012477503,-0.474174933239], [-0.0759817283396, -0.474174933239, 0.637923286403 ]])}
{'elname':'single', 'pos':Position([ .97547097645174433062, 1.59011480464388866337, .82949340976897719705]), 'crg':'0.0', 'pol':Polarizability(noniso =[ [0.0100756625062,0.0566087240353,0.0760241511422], [0.0566087240353,0.354092419942,0.474194604424], [0.0760241511422, 0.474194604424, 0.637831917552 ]])}
{'elname':'single', 'pos':Position([ 2.39167617198926937895, .37192739974435784459, -.00000566917849068327]), 'crg':'0.0', 'pol':Polarizability(noniso =[ [0.828108524243,0.377058220788,-5.45854970653e-05], [0.377058220788,0.172891472154,-2.48841715458e-05], [-5.45854970653e-05, -2.48841715458e-05, 0.0010000036024 ]])}
{'elname':'single', 'pos':Position([ -3.84833851496247381784, .82563742353223079149, -.83585989721401451158]), 'crg':'0.0', 'pol':Polarizability(noniso =[ [0.0190860293068,0.0774177659195,-0.108385092801], [0.0774177659195,0.332388962071,-0.463945490814], [-0.108385092801, -0.463945490814, 0.650525008622 ]])}
{'elname':'single', 'pos':Position([ -4.45400425415153940872, -.49093290489461753076, .00009921062358695725]), 'crg':'0.0', 'pol':Polarizability(noniso =[ [0.518015342614,-0.499192811064,1.24559736428e-05], [-0.499192811064,0.482984657086,-1.20265918336e-05], [1.24559736428e-05, -1.20265918336e-05, 0.00100000030009 ]])}
{'elname':'single', 'pos':Position([ -3.84825442214819534930, .82559395983046888641, .83606776709200623155]), 'crg':'0.0', 'pol':Polarizability(noniso =[ [0.0190642216136,0.0773654286885,0.108325582082], [0.0773654286885,0.33234057388,0.463936685175], [0.108325582082, 0.463936685175, 0.650595204506 ]])}
{'elname':'single', 'pos':Position([ 3.84833757009939203729, -.82563931325839435258, -.83585895235093273104]), 'crg':'0.0', 'pol':Polarizability(noniso =[ [0.0190857773359,0.0774174567575,0.108384194447], [0.0774174567575,0.332390932193,0.463946256274], [0.108384194447, 0.463946256274, 0.650523290471 ]])}
{'elname':'single', 'pos':Position([ 4.45400425415153940872, .49093290489461753076, .00009637603434161562]), 'crg':'0.0', 'pol':Polarizability(noniso =[ [0.518015342659,-0.499192811108,-1.04892409633e-05], [-0.499192811108,0.482984657128,1.01276562818e-05], [-1.04892409633e-05, 1.01276562818e-05, 0.00100000021281 ]])}
{'elname':'single', 'pos':Position([ 3.84825536701127712985, -.82559207010430532532, .83606871195508801210]), 'crg':'0.0', 'pol':Polarizability(noniso =[ [0.0190644734284,0.0773657379294,-0.10832648037], [0.0773657379294,0.332338603867,-0.463935919546], [-0.10832648037, -0.463935919546, 0.650596922705 ]])}
