{'elname':'single', 'pos':Position([ -8.09638151454748995232, -1.83122402098956644390, -.00056691784906832720]), 'crg':'0.0', 'pol':Polarizability(noniso =[ [0.00161604938249,0.0248002782368,3.95530026765e-06], [0.0248002782368,0.999383925223,0.000159228383204], [3.95530026765e-06, 0.000159228383204, 0.00100002539472 ]])}
{'elname':'single', 'pos':Position([ -9.40583985855777610977, -.20363783624842491324, -.00035054420334058231]), 'crg':'0.0', 'pol':Polarizability(noniso =[ [0.822518426657,0.38184339956,3.32532462934e-05], [0.38184339956,0.178481571997,1.54561750523e-05], [3.32532462934e-05, 1.54561750523e-05, 0.00100000134602 ]])}
{'elname':'double', 'pos':Position([ -7.01910154103389186079, -.16525655300341738079, -.00020598015182815888]), 'crg':'0.0', 'pol':Polarizability(noniso =[ [0.751211248216,-0.432023265746,-0.000133685678353], [-0.432023265746,0.249788727961,7.69854137522e-05], [-0.000133685678353, 7.69854137522e-05, 0.00100002382244 ]])}
{'elname':'single', 'pos':Position([ -3.42536394236184023045, -1.73567474184450879591, -.00004913288025258835]), 'crg':'0.0', 'pol':Polarizability(noniso =[ [0.0015212203114,0.0228128779997,4.22447148831e-06], [0.0228128779997,0.999478745449,0.000184897538657], [4.22447148831e-06, 0.000184897538657, 0.00100003423919 ]])}
{'elname':'single', 'pos':Position([ -4.68256379904500798598, -.11756175436129901288, .00006614041572463817]), 'crg':'0.0', 'pol':Polarizability(noniso =[ [0.815357128713,0.387769565604,-4.98978051355e-05], [0.387769565604,0.185642868229,-2.37596621184e-05], [-4.98978051355e-05, -2.37596621184e-05, 0.00100000305737 ]])}
{'elname':'double', 'pos':Position([ -2.33939311822202468284, -.06311023982136796521, .00032786748937784923]), 'crg':'0.0', 'pol':Polarizability(noniso =[ [0.749493627919,-0.43301548181,-0.000125570671612], [-0.43301548181,0.251506351014,7.26446329548e-05], [-0.000125570671612, 7.26446329548e-05, 0.0010000210663 ]])}
{'elname':'single', 'pos':Position([ -10.62951219364704299429, 1.42623019283521663442, .00043463701761905086]), 'crg':'0.0', 'pol':Polarizability(noniso =[ [0.00437813584226,-0.0579943463677,-4.11586160304e-05], [-0.0579943463677,0.996621362688,0.000706592968886], [-4.11586160304e-05, 0.000706592968886, 0.00100050146938 ]])}
{'elname':'single', 'pos':Position([ -11.24079419899421214670, .10455193458826268403, -.83198973803104139784]), 'crg':'0.0', 'pol':Polarizability(noniso =[ [0.28227845216,-0.147272100896,-0.424488556213], [-0.147272100896,0.0781088988005,0.22225421464], [-0.424488556213, 0.22225421464, 0.64161264904 ]])}
{'elname':'single', 'pos':Position([ -11.24130914937378254391, .10339447731308151598, .83065181190724014564]), 'crg':'0.0', 'pol':Polarizability(noniso =[ [0.282802911882,-0.148000265177,0.424504592828], [-0.148000265177,0.0787283610952,-0.222945859175], [0.424504592828, -0.222945859175, 0.640468727023 ]])}
{'elname':'single', 'pos':Position([ -5.93608908320313120066, 1.50108508076311677826, .00021164933031884215]), 'crg':'0.0', 'pol':Polarizability(noniso =[ [0.00137091981023,0.0192460721157,4.12642557732e-06], [0.0192460721157,0.999629034284,0.000214109578544], [4.12642557732e-06, 0.000214109578544, 0.00100004590585 ]])}
{'elname':'single', 'pos':Position([ -1.25521753393759217139, 1.60951189884976147876, .00061983018164803774]), 'crg':'0.0', 'pol':Polarizability(noniso =[ [0.00160360246026,0.0245486153482,2.52035475334e-06], [0.0245486153482,0.999396387016,0.000102503259106], [2.52035475334e-06, 0.000102503259106, 0.00100001052379 ]])}
{'elname':'single', 'pos':Position([ -.00026267193673499160, -.00410354036417290843, .00042518838680124540]), 'crg':'0.0', 'pol':Polarizability(noniso =[ [0.816709229285,0.386667777094,5.89202310444e-05], [0.386667777094,0.184290766459,2.79297498985e-05], [5.89202310444e-05, 2.79297498985e-05, 0.00100000425592 ]])}
{'elname':'single', 'pos':Position([ 1.25519202263438409666, -1.61768212991791785435, .00026456166289855269]), 'crg':'0.0', 'pol':Polarizability(noniso =[ [0.00162767533273,0.0250330517123,1.7440525478e-06], [0.0250330517123,0.999372319821,6.95565929415e-05], [1.7440525478e-06, 6.95565929415e-05, 0.00100000484601 ]])}
{'elname':'double', 'pos':Position([ 2.33841896438470894059, .05607667904059358566, .00040818085132919558]), 'crg':'0.0', 'pol':Polarizability(noniso =[ [0.748655165526,-0.433496553019,-4.84088231967e-05], [-0.433496553019,0.252344831339,2.80678298754e-05], [-4.84088231967e-05, 2.80678298754e-05, 0.00100000313435 ]])}
{'elname':'single', 'pos':Position([ 3.42277312779159797511, 1.72985816471306775877, .00059620860460352410]), 'crg':'0.0', 'pol':Polarizability(noniso =[ [0.00157412088315,0.0239419535584,2.69952477648e-06], [0.0239419535584,0.999425866424,0.000112575415256], [2.69952477648e-06, 0.000112575415256, 0.0010000126932 ]])}
{'elname':'single', 'pos':Position([ 4.68212727230122537403, .11537061687464992822, .00050266715950725012]), 'crg':'0.0', 'pol':Polarizability(noniso =[ [0.817474344377,0.386040820098,-1.49962686197e-05], [0.386040820098,0.183525655347,-7.09045161826e-06], [-1.49962686197e-05, -7.09045161826e-06, 0.00100000027544 ]])}
{'elname':'single', 'pos':Position([ 5.93793723539109394735, -1.50005895945630310602, .00096848465882505897]), 'crg':'0.0', 'pol':Polarizability(noniso =[ [0.00142057213495,0.0204932819337,-8.80258529515e-06], [0.0204932819337,0.999579243627,-0.000428924903021], [-8.80258529515e-06, -0.000428924903021, 0.00100018423833 ]])}
{'elname':'double', 'pos':Position([ 7.01634915487666513220, .17297891897080977789, -.00001133835698136654]), 'crg':'0.0', 'pol':Polarizability(noniso =[ [0.74640407511,-0.434777303321,0.000363814835371], [-0.434777303321,0.25459574732,-0.000212204948044], [0.000363814835371, -0.000212204948044, 0.00100017756978 ]])}
{'elname':'single', 'pos':Position([ 8.07834502317938112223, 1.84379825888190194135, -.00103556993763147769]), 'crg':'0.0', 'pol':Polarizability(noniso =[ [0.00233009179975,0.036427905047,-1.72522087545e-05], [0.036427905047,0.998669684427,-0.000472495073256], [-1.72522087545e-05, -0.000472495073256, 0.00100022377306 ]])}
{'elname':'single', 'pos':Position([ 9.40762470491925955993, .21398786644624900695, -.00052912332579710538]), 'crg':'0.0', 'pol':Polarizability(noniso =[ [0.822531502616,0.381832373141,-1.20188915776e-05], [0.381832373141,0.178468497208,-5.58615449193e-06], [-1.20188915776e-05, -5.58615449193e-06, 0.00100000017583 ]])}
{'elname':'single', 'pos':Position([ 10.84317408233007771309, -.98839386882125684930, -.83312924290766873553]), 'crg':'0.0', 'pol':Polarizability(noniso =[ [0.0202073026747,0.0803800632165,0.11116753273], [0.0803800632165,0.337380108759,0.465221663854], [0.11116753273, 0.465221663854, 0.644412588566 ]])}
{'elname':'single', 'pos':Position([ 11.44724111318477062125, .32719758145286682797, -.00191712719293272650]), 'crg':'0.0', 'pol':Polarizability(noniso =[ [0.523974073049,-0.498947141616,0.000983751777822], [-0.498947141616,0.477024076443,-0.000938555394806], [0.000983751777822, -0.000938555394806, 0.00100185050772 ]])}
{'elname':'single', 'pos':Position([ 10.84418981014299179934, -.98614037037121024866, .83356199019912422530]), 'crg':'0.0', 'pol':Polarizability(noniso =[ [0.0204793634422,0.0806440666391,-0.112147104263], [0.0806440666391,0.334864374131,-0.464286144483], [-0.112147104263, -0.464286144483, 0.646656262427 ]])}
