{'elname':'single', 'pos':Position([ -1.18847996474526869260, -1.44053258530412874930, -.82985907178162626810]), 'crg':'0.0', 'pol':Polarizability(noniso =[ [0.00110438192494,0.0061485566383,0.00815241673969], [0.0061485566383,0.363177156198,0.48021337114], [0.00815241673969, 0.48021337114, 0.637718461877 ]])}
{'elname':'single', 'pos':Position([ -1.18846579179904198442, -1.44054581338727367694, .83008772864741716007]), 'crg':'0.0', 'pol':Polarizability(noniso =[ [0.00110466042257,0.00615688029469,-0.00816318769733], [0.00615688029469,0.363192068709,-0.480217528657], [-0.00816318769733, -0.480217528657, 0.637703270869 ]])}
{'elname':'single', 'pos':Position([ -2.42531896687914747649, -.04136516085727049464, .00013417055761283743]), 'crg':'0.0', 'pol':Polarizability(noniso =[ [0.715795240833,0.45071965699,8.81261725204e-06], [0.45071965699,0.285204759058,5.55686383753e-06], [8.81261725204e-06, 5.55686383753e-06, 0.00100000010865 ]])}
{'elname':'single', 'pos':Position([ .00000094486308178054, 0, .00010865925440476271]), 'crg':'0.0', 'pol':Polarizability(noniso =[ [0.68456375078,-0.464349852604,5.92491831379e-06], [-0.464349852604,0.316436249168,-4.02484032039e-06], [5.92491831379e-06, -4.02484032039e-06, 0.00100000005136 ]])}
{'elname':'single', 'pos':Position([ -3.66215513442378091875, 1.35777013824480722147, .83014631015848755388]), 'crg':'0.0', 'pol':Polarizability(noniso =[ [0.00110432710713,0.0061466517877,0.00815049493485], [0.0061466517877,0.363142967795,0.48020361762], [0.00815049493485, 0.48020361762, 0.637752705098 ]])}
{'elname':'single', 'pos':Position([ -3.66212206421591859966, 1.35785139646984034837, -.82978631732432916611]), 'crg':'0.0', 'pol':Polarizability(noniso =[ [0.00110367871306,0.00612831932725,-0.00812452997388], [0.00612831932725,0.363237306652,-0.480230826496], [-0.00812452997388, -0.480230826496, 0.637659014635 ]])}
{'elname':'single', 'pos':Position([ -4.85073147520339122697, -.08259898574617349349, .00007936849886956580]), 'crg':'0.0', 'pol':Polarizability(noniso =[ [0.684666679654,-0.464309037728,-3.98614650057e-05], [-0.464309037728,0.316333318021,2.7071728095e-05], [-3.98614650057e-05, 2.7071728095e-05, 0.00100000232414 ]])}
{'elname':'single', 'pos':Position([ 1.18848090960835047314, 1.44053825448261943258, .83007261083810867134]), 'crg':'0.0', 'pol':Polarizability(noniso =[ [0.00110440040599,0.00614915421151,0.00815309809973], [0.00614915421151,0.363183433654,0.480215158559], [0.00815309809973, 0.480215158559, 0.63771216594 ]])}
{'elname':'single', 'pos':Position([ 1.18846768152520554551, 1.44053919934570121312, -.82987513445401653737]), 'crg':'0.0', 'pol':Polarizability(noniso =[ [0.00110466046503,0.0061568177395,-0.00816323747486], [0.0061568177395,0.363184561934,-0.480215382994], [-0.00816323747486, -0.480215382994, 0.637710777601 ]])}
{'elname':'single', 'pos':Position([ 2.42531991174222925703, .04136516085727049464, .00008598254044202962]), 'crg':'0.0', 'pol':Polarizability(noniso =[ [0.715794927472,0.450719806702,7.16025389565e-06], [0.450719806702,0.285205072456,4.51495684671e-06], [7.16025389565e-06, 4.51495684671e-06, 0.00100000007173 ]])}
{'elname':'single', 'pos':Position([ -6.03937490126180795392, -1.52305409227759623808, .82997812452993061681]), 'crg':'0.0', 'pol':Polarizability(noniso =[ [0.00110300808476,0.00610834347054,-0.00809830883907], [0.00610834347054,0.363222635651,-0.480226887395], [-0.00809830883907, -0.480226887395, 0.637674356265 ]])}
{'elname':'single', 'pos':Position([ -6.03933899646470029320, -1.52296810973715420845, -.83002442282093786353]), 'crg':'0.0', 'pol':Polarizability(noniso =[ [0.00110370982051,0.00612826889055,0.00812647988764], [0.00612826889055,0.363122693989,0.480198053009], [0.00812647988764, 0.480198053009, 0.637773596191 ]])}
{'elname':'single', 'pos':Position([ -7.27609107119505526692, -.12402461784067794304, .00001984212471739145]), 'crg':'0.0', 'pol':Polarizability(noniso =[ [0.715878586878,0.450679835668,6.05964228989e-06], [0.450679835668,0.285121413071,3.82017120326e-06], [6.05964228989e-06, 3.82017120326e-06, 0.00100000005136 ]])}
{'elname':'single', 'pos':Position([ -8.51372848263303861163, 1.27515981414165236143, -.82993938514357761445]), 'crg':'0.0', 'pol':Polarizability(noniso =[ [0.0011217459543,0.00664169880561,-0.00880325072051], [0.00664169880561,0.363329600819,-0.480250371604], [-0.00880325072051, -0.480250371604, 0.637548653226 ]])}
{'elname':'single', 'pos':Position([ -8.51378517441794544436, 1.27504359598259335436, .83008678378433537952]), 'crg':'0.0', 'pol':Polarizability(noniso =[ [0.00112295154305,0.00667326348471,0.00884765668935], [0.00667326348471,0.363195092719,0.480211495063], [0.00884765668935, 0.480211495063, 0.637681955738 ]])}
{'elname':'single', 'pos':Position([ -9.70189380797207438264, -.16471420159447534776, -.00006614041572463817]), 'crg':'0.0', 'pol':Polarizability(noniso =[ [0.685216114393,-0.464090728266,-5.49680255221e-05], [-0.464090728266,0.315783881191,3.72837623366e-05], [-5.49680255221e-05, 3.72837623366e-05, 0.00100000441598 ]])}
{'elname':'single', 'pos':Position([ -10.89054101348281823177, -1.60361122890404197308, .82937813647299997052]), 'crg':'0.0', 'pol':Polarizability(noniso =[ [0.00111193962515,0.00636439000385,-0.00844450678963], [0.00636439000385,0.362850953746,-0.480117157166], [-0.00844450678963, -0.480117157166, 0.638037106629 ]])}
{'elname':'single', 'pos':Position([ -10.89050510868571057104, -1.60346949944177489128, -.82980899403829189919]), 'crg':'0.0', 'pol':Polarizability(noniso =[ [0.00111267190759,0.00638372819371,0.00847316676785], [0.00638372819371,0.362687190016,0.480069919302], [0.00847316676785, 0.480069919302, 0.638200138076 ]])}
{'elname':'single', 'pos':Position([ -12.12109195180744748639, -.19830691874101907641, -.00012188733754969034]), 'crg':'0.0', 'pol':Polarizability(noniso =[ [0.709929308513,0.453475042508,2.36177766272e-05], [0.453475042508,0.2910706907,1.51073910069e-05], [2.36177766272e-05, 1.51073910069e-05, 0.00100000078682 ]])}
{'elname':'single', 'pos':Position([ 3.66211450531126435530, -1.35783627866053185964, -.82987418959093475682]), 'crg':'0.0', 'pol':Polarizability(noniso =[ [0.00110353064774,0.00612379021275,0.00811884178515], [0.00612379021275,0.363219375486,0.480225758708], [0.00811884178515, 0.480225758708, 0.637677093867 ]])}
{'elname':'single', 'pos':Position([ 3.66216269332843516311, -1.35778525605411571020, .83005843789188196316]), 'crg':'0.0', 'pol':Polarizability(noniso =[ [0.00110447574145,0.00615118105171,-0.00815618306526], [0.00615118105171,0.363160897897,-0.480208687973], [-0.00815618306526, -0.480208687973, 0.637734626362 ]])}
{'elname':'single', 'pos':Position([ 4.85073147520339122697, .08259898574617349349, .00001417294622670818]), 'crg':'0.0', 'pol':Polarizability(noniso =[ [0.684666680092,-0.464309038026,3.39361121211e-05], [-0.464309038026,0.316333318223,-2.30475523119e-05], [3.39361121211e-05, -2.30475523119e-05, 0.00100000168453 ]])}
{'elname':'single', 'pos':Position([ -13.39437054355327478205, 1.19263452771585775048, -.83590052632653107503]), 'crg':'0.0', 'pol':Polarizability(noniso =[ [0.00368320056565,0.0305078568826,-0.041744322587], [0.0305078568826,0.34787281431,-0.474630870105], [-0.041744322587, -0.474630870105, 0.650443985124 ]])}
{'elname':'single', 'pos':Position([ -14.17947901005561086154, -.02568137856279522247, -.00014267432534886234]), 'crg':'0.0', 'pol':Polarizability(noniso =[ [0.656315600697,-0.474575332563,-4.79797000224e-05], [-0.474575332563,0.34468439579,3.47465893841e-05], [-4.79797000224e-05, 3.47465893841e-05, 0.00100000351289 ]])}
{'elname':'single', 'pos':Position([ -13.39439888944572819841, 1.19250319174749025467, .83583249618464287577]), 'crg':'0.0', 'pol':Polarizability(noniso =[ [0.00368603131503,0.0305173743661,0.0417710471653], [0.0305173743661,0.347723484939,0.47458221238], [0.0417710471653, 0.47458221238, 0.650590483746 ]])}
{'elname':'single', 'pos':Position([ 6.03936734235715370956, 1.52305692686684157971, .82992143274502378409]), 'crg':'0.0', 'pol':Polarizability(noniso =[ [0.001103155593,0.00611274156034,0.00810408458409], [0.00611274156034,0.363225724241,0.480227714325], [0.00810408458409, 0.480227714325, 0.637671120166 ]])}
{'elname':'single', 'pos':Position([ 6.03934655536935453756, 1.52296527514790886682, -.83008016974276291570]), 'crg':'0.0', 'pol':Polarizability(noniso =[ [0.00110356206685,0.00612388024337,-0.00812070627746], [0.00612388024337,0.363120131206,-0.480197375816], [-0.00812070627746, -0.480197375816, 0.637776306727 ]])}
{'elname':'single', 'pos':Position([ 7.27609107119505526692, .12402461784067794304, -.00001889726163561090]), 'crg':'0.0', 'pol':Polarizability(noniso =[ [0.715878586676,0.450679835541,-1.54245440063e-05], [0.450679835541,0.285121412991,-9.72407215101e-06], [-1.54245440063e-05, -9.72407215101e-06, 0.00100000033281 ]])}
{'elname':'single', 'pos':Position([ 8.51374076585310175872, -1.27515697955240701980, -.82996395158370390863]), 'crg':'0.0', 'pol':Polarizability(noniso =[ [0.00112200667772,0.00664877702746,0.00881269251991], [0.00664877702746,0.363326364323,0.480249349233], [0.00881269251991, 0.480249349233, 0.637551629 ]])}
{'elname':'single', 'pos':Position([ 8.51377289119788229727, -1.27504643057183869599, .83006221734420908534]), 'crg':'0.0', 'pol':Polarizability(noniso =[ [0.00112268981168,0.00666618667719,-0.00883821386151], [0.00666618667719,0.363198329325,-0.480212518772], [-0.00883821386151, -0.480212518772, 0.637678980863 ]])}
{'elname':'single', 'pos':Position([ 9.70189380797207438264, .16471420159447534776, -.00006803014188819926]), 'crg':'0.0', 'pol':Polarizability(noniso =[ [0.685216115557,-0.464090729055,4.31121769534e-05], [-0.464090729055,0.315783881726,-2.92421665882e-05], [4.31121769534e-05, -2.92421665882e-05, 0.00100000271648 ]])}
{'elname':'single', 'pos':Position([ 10.89053061998891864577, 1.60360744945171485090, .82939892346079914251]), 'crg':'0.0', 'pol':Polarizability(noniso =[ [0.00111215147279,0.00637037502489,0.00845251828766], [0.00637037502489,0.362847035526,0.480115954425], [0.00845251828766, 0.480115954425, 0.638040813001 ]])}
{'elname':'single', 'pos':Position([ 10.89051550217961015704, 1.60347327889410201346, -.82978726218741094665]), 'crg':'0.0', 'pol':Polarizability(noniso =[ [0.00111245973207,0.00637775385277,-0.00846515687617], [0.00637775385277,0.362691633606,-0.480071274299], [-0.00846515687617, -0.480071274299, 0.638195906662 ]])}
{'elname':'single', 'pos':Position([ 12.12109195180744748639, .19830691874101907641, -.00009165171893271289]), 'crg':'0.0', 'pol':Polarizability(noniso =[ [0.709929308158,0.453475042281,-3.02087840429e-05], [0.453475042281,0.291070690555,-1.93234070922e-05], [-3.02087840429e-05, -1.93234070922e-05, 0.00100000128725 ]])}
{'elname':'single', 'pos':Position([ 13.39437999218409258751, -1.19263358285277596993, -.83585989721401451158]), 'crg':'0.0', 'pol':Polarizability(noniso =[ [0.0036841408592,0.03051313431,0.0417516555452], [0.03051313431,0.347871276234,0.474630036256], [0.0417516555452, 0.474630036256, 0.650444582907 ]])}
{'elname':'single', 'pos':Position([ 14.17947901005561086154, .02568137856279522247, -.00009070685585093235]), 'crg':'0.0', 'pol':Polarizability(noniso =[ [0.656315601411,-0.47457533308,3.98600585236e-05], [-0.47457533308,0.344684396165,-2.88663973659e-05], [3.98600585236e-05, -2.88663973659e-05, 0.00100000242452 ]])}
{'elname':'single', 'pos':Position([ 13.39438944081491039296, -1.19250508147365381576, .83587312529715943922]), 'crg':'0.0', 'pol':Polarizability(noniso =[ [0.00368508780957,0.0305121125627,-0.0417636685671], [0.0305121125627,0.347725723352,-0.474583271283], [-0.0417636685671, -0.474583271283, 0.650589188838 ]])}
