{'elname':'single', 'pos':Position([ 6.78209775477855054979, 1.76771126949535996637, .00044597537460041740]), 'crg':'0.0', 'pol':Polarizability(noniso =[ [0.00112966120661,0.0113804536877,2.69062907632e-06], [0.0113804536877,0.99987028296,0.000236158372993], [2.69062907632e-06, 0.000236158372993, 0.00100005583385 ]])}
{'elname':'single', 'pos':Position([ 8.06940378383649182163, .12288322323788704426, .00020220069950103670]), 'crg':'0.0', 'pol':Polarizability(noniso =[ [0.812198176636,0.390313331417,0.0], [0.390313331417,0.188801823364,0.0], [0.0, 0.0, 0.001 ]])}
{'elname':'double', 'pos':Position([ 5.68243586458373490013, .11666129984436215316, -.00001228322006314709]), 'crg':'0.0', 'pol':Polarizability(noniso =[ [0.762919518008,-0.425013205616,-0.000147038065902], [-0.425013205616,0.238080453616,8.2020631129e-05], [-0.000147038065902, 8.2020631129e-05, 0.00100002837595 ]])}
{'elname':'single', 'pos':Position([ 2.11606905966470210734, 1.74163588302746225649, .00007842363578778526]), 'crg':'0.0', 'pol':Polarizability(noniso =[ [0.00104179003831,0.00646115326334,6.09943877843e-07], [0.00646115326334,0.999958201059,9.43033564014e-05], [6.09943877843e-07, 9.43033564014e-05, 0.0010000089024 ]])}
{'elname':'single', 'pos':Position([ 3.34688172506298457302, .10370439240390553485, -.00012283220063147089]), 'crg':'0.0', 'pol':Polarizability(noniso =[ [0.802842642727,0.397604290412,6.80797471246e-05], [0.397604290412,0.198157351492,3.37582439552e-05], [6.80797471246e-05, 3.37582439552e-05, 0.00100000578025 ]])}
{'elname':'double', 'pos':Position([ 1.00288334418036151217, .08755290288394889273, -.00011716302214078761]), 'crg':'0.0', 'pol':Polarizability(noniso =[ [0.763796985577,-0.424470190833,-6.69344858514e-05], [-0.424470190833,0.23720300855,3.72467308076e-05], [-6.69344858514e-05, 3.72467308076e-05, 0.00100000587342 ]])}
{'elname':'single', 'pos':Position([ 9.27144064407914777884, -1.52304653337294199372, .00035054420334058232]), 'crg':'0.0', 'pol':Polarizability(noniso =[ [0.00604292242736,-0.0707986464192,1.01750221186e-05], [-0.0707986464192,0.994957057043,-0.000142849271164], [1.01750221186e-05, -0.000142849271164, 0.00100002052998 ]])}
{'elname':'single', 'pos':Position([ 9.89956861331138227421, -.20848592872104089141, -.83117526605454656776]), 'crg':'0.0', 'pol':Polarizability(noniso =[ [0.285911611263,-0.14506091427,0.427094140173], [-0.14506091427,0.074856831442,-0.21745223432], [0.427094140173, -0.21745223432, 0.641231557295 ]])}
{'elname':'single', 'pos':Position([ 9.89970656332132223383, -.20825632699216821889, .83142187531889129009]), 'crg':'0.0', 'pol':Polarizability(noniso =[ [0.286047969548,-0.145212227996,-0.427111209728], [-0.145212227996,0.074975588014,0.217583624486], [-0.427111209728, 0.217583624486, 0.640976442438 ]])}
{'elname':'single', 'pos':Position([ 4.57553537831939849259, -1.53456535920292862201, -.00042329866063768431]), 'crg':'0.0', 'pol':Polarizability(noniso =[ [0.00101909669924,0.00436774966779,8.32379178792e-07], [0.00436774966779,0.999980867019,0.000190379700524], [8.32379178792e-07, 0.000190379700524, 0.00100003628141 ]])}
{'elname':'single', 'pos':Position([ -.11088346209927411838, -1.56643464608830463594, -.00037227605422153486]), 'crg':'0.0', 'pol':Polarizability(noniso =[ [0.00103483031505,0.00589866686415,8.97521312882e-07], [0.00589866686415,0.999965146557,0.000151999177189], [8.97521312882e-07, 0.000151999177189, 0.00100002312768 ]])}
{'elname':'single', 'pos':Position([ -1.33494413591515280703, .07205053430117548526, -.00024944385359006396]), 'crg':'0.0', 'pol':Polarizability(noniso =[ [0.800897709835,0.399075764018,-2.23392127788e-05], [0.399075764018,0.200102289541,-1.11452230675e-05], [-2.23392127788e-05, -1.11452230675e-05, 0.00100000062388 ]])}
{'elname':'single', 'pos':Position([ -2.55698941677759359246, 1.71077665477650964553, -.00029668700767909123]), 'crg':'0.0', 'pol':Polarizability(noniso =[ [0.00101557665979,0.00394472312081,-5.06087809524e-08], [0.00394472312081,0.999984423176,-1.28164594317e-05], [-5.06087809524e-08, -1.28164594317e-05, 0.00100000016443 ]])}
{'elname':'double', 'pos':Position([ -3.67527739290354913249, .06172318081731412464, -.00022204282421842815]), 'crg':'0.0', 'pol':Polarizability(noniso =[ [0.767589946505,-0.422093838756,4.19482078798e-05], [-0.422093838756,0.233410051199,-2.30971984092e-05], [4.19482078798e-05, -2.30971984092e-05, 0.00100000229543 ]])}
{'elname':'single', 'pos':Position([ -4.80016618251882356231, -1.58697030030772300847, -.00009165171893271289]), 'crg':'0.0', 'pol':Polarizability(noniso =[ [0.00100601624564,-0.00245156953265,1.64058995818e-07], [-0.00245156953265,0.999993979281,-6.68526618913e-05], [1.64058995818e-07, -6.68526618913e-05, 0.00100000447378 ]])}
{'elname':'single', 'pos':Position([ -6.01682574381511523927, .06378014774635037186, -.00010771439132298216]), 'crg':'0.0', 'pol':Polarizability(noniso =[ [0.794712254104,0.403657526065,3.44468069739e-05], [0.403657526065,0.206287744401,1.75185815918e-05], [3.44468069739e-05, 1.75185815918e-05, 0.00100000149498 ]])}
{'elname':'single', 'pos':Position([ -7.22377022290453934900, 1.71433595400557695985, -.00029196269227018850]), 'crg':'0.0', 'pol':Polarizability(noniso =[ [0.00114101883568,-0.0118683580614,2.73136258633e-06], [-0.0118683580614,0.999858928261,-0.000229875597918], [2.73136258633e-06, -0.000229875597918, 0.00100005290316 ]])}
{'elname':'double', 'pos':Position([ -8.35348631800463058498, .08012911365039914796, .00019180720560145070]), 'crg':'0.0', 'pol':Polarizability(noniso =[ [0.774309811758,-0.417765972598,0.000170657904261], [-0.417765972598,0.22669015058,-9.21946990339e-05], [0.000170657904261, -9.21946990339e-05, 0.00100003766165 ]])}
{'elname':'single', 'pos':Position([ -10.36045392734229668246, -.01276698996101872870, .00041573975598343994]), 'crg':'0.0', 'pol':Polarizability(noniso =[ [0.752258966231,0.431413574839,-1.91525142177e-05], [0.431413574839,0.24874103328,-1.09984106642e-05], [-1.91525142177e-05, -1.09984106642e-05, 0.00100000048827 ]])}
{'elname':'single', 'pos':Position([ -9.52785380776042505232, -1.54975781269487801061, .00064628634793789301]), 'crg':'0.0', 'pol':Polarizability(noniso =[ [0.0040615057088,-0.0552183960359,1.11852540178e-05], [-0.0552183960359,0.996938453426,-0.00020174118387], [1.11852540178e-05, -0.00020174118387, 0.00100004086548 ]])}
