{'elname':'C', 'pos':Position([ 0, 0, 1.44617908708084928829]), 'crg':-0.5503800, 'pol':Polarizability(iso=1.0)}
{'elname':'H', 'pos':Position([ .96407781741163451486, 1.67125870124412011704, 2.20064280925179694060]), 'crg':0.1834600, 'pol':Polarizability(iso=1.0)}
{'elname':'H', 'pos':Position([ .96531369832260346817, -1.67054438475429402476, 2.20064280925179694060]), 'crg':0.1834600, 'pol':Polarizability(iso=1.0)}
{'elname':'H', 'pos':Position([ -1.92938962600807442195, -.00071431648982609228, 2.20064280925179694060]), 'crg':0.1834600, 'pol':Polarizability(iso=1.0)}
{'elname':'C', 'pos':Position([ 0, 0, -1.44617908708084928829]), 'crg':-0.5503800, 'pol':Polarizability(iso=1.0)}
{'elname':'H', 'pos':Position([ 1.92938962600807442195, -.00071431648982609228, -2.20064280925179694060]), 'crg':0.1834600, 'pol':Polarizability(iso=1.0)}
{'elname':'H', 'pos':Position([ -.96531369832260346817, -1.67054438475429402476, -2.20064280925179694060]), 'crg':0.1834600, 'pol':Polarizability(iso=1.0)}
{'elname':'H', 'pos':Position([ -.96407781741163451486, 1.67125870124412011704, -2.20064280925179694060]), 'crg':0.1834600, 'pol':Polarizability(iso=1.0)}
{'elname':'single', 'pos':Position([ .48203890870581725743, .83562935062206005852, 1.82341094816632311444]), 'crg':'0.0', 'pol':Polarizability(noniso =[ [0.217348313019,-0.375046489094,-0.169308898699], [-0.375046489094,0.651154683521,0.293502210131], [-0.169308898699, 0.293502210131, 0.13349700346 ]])}
{'elname':'single', 'pos':Position([ .48265684916130173408, -.83527219237714701238, 1.82341094816632311444]), 'crg':'0.0', 'pol':Polarizability(noniso =[ [0.217903487377,0.375366995724,-0.16952604394], [0.375366995724,0.650599428682,-0.293376941886], [-0.16952604394, -0.293376941886, 0.133497083941 ]])}
{'elname':'single', 'pos':Position([ -.96469481300403721097, -.00035715824491304614, 1.82341094816632311444]), 'crg':'0.0', 'pol':Polarizability(noniso =[ [0.867502666438,-0.000320804639338,0.338835048234], [-0.000320804639338,0.00100011877126,-0.000125446648527], [0.338835048234, -0.000125446648527, 0.133497214791 ]])}
{'elname':'single', 'pos':Position([ 0, 0, 0]), 'crg':'0.0', 'pol':Polarizability(noniso =[ [0.001,0.0,-2.2182256032e-16], [0.0,0.001,0.0], [-2.2182256032e-16, 0.0, 1.0 ]])}
{'elname':'single', 'pos':Position([ .96469481300403721097, -.00035715824491304614, -1.82341094816632311444]), 'crg':'0.0', 'pol':Polarizability(noniso =[ [0.867502666438,0.000320804639338,0.338835048234], [0.000320804639338,0.00100011877126,0.000125446648527], [0.338835048234, 0.000125446648527, 0.133497214791 ]])}
{'elname':'single', 'pos':Position([ -.48265684916130173408, -.83527219237714701238, -1.82341094816632311444]), 'crg':'0.0', 'pol':Polarizability(noniso =[ [0.217903487377,-0.375366995724,-0.16952604394], [-0.375366995724,0.650599428682,0.293376941886], [-0.16952604394, 0.293376941886, 0.133497083941 ]])}
{'elname':'single', 'pos':Position([ -.48203890870581725743, .83562935062206005852, -1.82341094816632311444]), 'crg':'0.0', 'pol':Polarizability(noniso =[ [0.217348313019,0.375046489094,-0.169308898699], [0.375046489094,0.651154683521,-0.293502210131], [-0.169308898699, -0.293502210131, 0.13349700346 ]])}
