{'elname':'C', 'pos':Position([ 0, .88851333730931718146, .00004913288025258835]), 'crg':0., 'pol':Polarizability(iso=1.0)}
{'elname':'H', 'pos':Position([ .00000566917849068327, 2.14057408369068055086, -1.65990144700111796199]), 'crg':0., 'pol':Polarizability(iso=1.0)}
{'elname':'H', 'pos':Position([ -.00000566917849068327, 2.14057597341684411195, 1.66000160248778669980]), 'crg':0., 'pol':Polarizability(iso=1.0)}
{'elname':'C', 'pos':Position([ 2.42547675901380482757, -.69979961343761598194, .00005669178490683272]), 'crg':0., 'pol':Polarizability(iso=1.0)}
{'elname':'H', 'pos':Position([ 2.42514794666134519779, -1.95187925708061496224, 1.65998459495231464998]), 'crg':0., 'pol':Polarizability(iso=1.0)}
{'elname':'H', 'pos':Position([ 2.42510637268574685379, -1.95195673585332096696, -1.65981074014526702964]), 'crg':0., 'pol':Polarizability(iso=1.0)}
{'elname':'C', 'pos':Position([ -2.42547675901380482757, -.69979961343761598194, .00003590479710766072]), 'crg':0., 'pol':Polarizability(iso=1.0)}
{'elname':'H', 'pos':Position([ -2.42512904939970958688, -1.95192650023470398951, 1.65992601344124425617]), 'crg':0., 'pol':Polarizability(iso=1.0)}
{'elname':'H', 'pos':Position([ -2.42512526994738246470, -1.95190949269923193969, -1.65986932165633742345]), 'crg':0., 'pol':Polarizability(iso=1.0)}
{'elname':'C', 'pos':Position([ 4.85188515302624527285, .88709226323431924126, -.00001700753547204981]), 'crg':0., 'pol':Polarizability(iso=1.0)}
{'elname':'H', 'pos':Position([ 4.85256923389745438767, 2.13921348085291656556, 1.65994680042904342817]), 'crg':0., 'pol':Polarizability(iso=1.0)}
{'elname':'H', 'pos':Position([ 4.85253710855267384913, 2.13911710481857494994, -1.66005451482036641034]), 'crg':0., 'pol':Polarizability(iso=1.0)}
{'elname':'C', 'pos':Position([ 7.27661358047927990850, -.70182351015878991007, .00000377945232712218]), 'crg':0., 'pol':Polarizability(iso=1.0)}
{'elname':'H', 'pos':Position([ 7.27756789219187825930, -1.95430566547462740269, -1.65995246960753411144]), 'crg':0., 'pol':Polarizability(iso=1.0)}
{'elname':'H', 'pos':Position([ 7.27761324561980372548, -1.95419039217865017616, 1.66004695591571216598]), 'crg':0., 'pol':Polarizability(iso=1.0)}
{'elname':'C', 'pos':Position([ 9.70438635678181146126, .88279313621221775994, -.00007936849886956580]), 'crg':0., 'pol':Polarizability(iso=1.0)}
{'elname':'H', 'pos':Position([ 9.70449974035162512670, 2.13328918933015254625, 1.65903784214437054355]), 'crg':0., 'pol':Polarizability(iso=1.0)}
{'elname':'H', 'pos':Position([ 9.70449407117313444343, 2.13312478315392273136, -1.65931752161657758497]), 'crg':0., 'pol':Polarizability(iso=1.0)}
{'elname':'C', 'pos':Position([ -4.85188515302624527285, .88709226323431924126, .00003590479710766072]), 'crg':0., 'pol':Polarizability(iso=1.0)}
{'elname':'H', 'pos':Position([ -4.85253332910034672695, 2.13919647331744451575, -1.65994113125055274490]), 'crg':0., 'pol':Polarizability(iso=1.0)}
{'elname':'H', 'pos':Position([ -4.85257301334978150986, 2.13913411235404699975, 1.66005829427269353252]), 'crg':0., 'pol':Polarizability(iso=1.0)}
{'elname':'C', 'pos':Position([ 12.11524041474198056907, -.72069431562811096169, -.00000188972616356109]), 'crg':0., 'pol':Polarizability(iso=1.0)}
{'elname':'H', 'pos':Position([ 12.20074674419079280059, -1.94403689350183643588, -1.67164420538148657954]), 'crg':0., 'pol':Polarizability(iso=1.0)}
{'elname':'H', 'pos':Position([ 13.81437446662479033488, .46398257521299103589, -.00005102260641614944]), 'crg':0., 'pol':Polarizability(iso=1.0)}
{'elname':'H', 'pos':Position([ 12.20073918528613855623, -1.94388760513491510972, 1.67174814032048243953]), 'crg':0., 'pol':Polarizability(iso=1.0)}
{'elname':'C', 'pos':Position([ -7.27661358047927990850, -.70182351015878991007, -.00001889726163561090]), 'crg':0., 'pol':Polarizability(iso=1.0)}
{'elname':'H', 'pos':Position([ -7.27759812781049523675, -1.95429621684380959723, 1.65994491070287986708]), 'crg':0., 'pol':Polarizability(iso=1.0)}
{'elname':'H', 'pos':Position([ -7.27758301000118674803, -1.95419984080946798161, -1.66005640454652997143]), 'crg':0., 'pol':Polarizability(iso=1.0)}
{'elname':'C', 'pos':Position([ -9.70438635678181146126, .88279313621221775994, .00001511780930848872]), 'crg':0., 'pol':Polarizability(iso=1.0)}
{'elname':'H', 'pos':Position([ -9.70447895336382595470, 2.13326840234235337425, -1.65911721064324010936]), 'crg':0., 'pol':Polarizability(iso=1.0)}
{'elname':'H', 'pos':Position([ -9.70451485816093361543, 2.13314745986788546445, 1.65923815311770801916]), 'crg':0., 'pol':Polarizability(iso=1.0)}
{'elname':'C', 'pos':Position([ -12.11524041474198056907, -.72069431562811096169, -.00006991986805176035]), 'crg':0., 'pol':Polarizability(iso=1.0)}
{'elname':'H', 'pos':Position([ -12.20076375172626485041, -1.94401988596636438606, 1.67158373414425262464]), 'crg':0., 'pol':Polarizability(iso=1.0)}
{'elname':'H', 'pos':Position([ -13.81437446662479033488, .46398257521299103589, -.00005102260641614944]), 'crg':0., 'pol':Polarizability(iso=1.0)}
{'elname':'H', 'pos':Position([ -12.20072028802450294532, -1.94390650239655072062, -1.67180672183155283334]), 'crg':0., 'pol':Polarizability(iso=1.0)}
{'elname':'single', 'pos':Position([ .00000283458924534163, 1.51454371049999886616, -.82992615706043268682]), 'crg':'0.0', 'pol':Polarizability(noniso =[ [0.00100000000743,-1.64027451425e-06,2.17463460856e-06], [-1.64027451425e-06,0.363261187574,-0.480276751844], [2.17463460856e-06, -0.480276751844, 0.637738812418 ]])}
{'elname':'single', 'pos':Position([ -.00000283458924534163, 1.51454465536308064670, .83002536768401964407]), 'crg':'0.0', 'pol':Polarizability(noniso =[ [0.00100000000743,1.6402728139e-06,2.17463154777e-06], [1.6402728139e-06,0.363261358839,0.480276800782], [2.17463154777e-06, 0.480276800782, 0.637738641153 ]])}
{'elname':'single', 'pos':Position([ 1.21273837950690241378, .09435686193585059976, .00005291233257971053]), 'crg':'0.0', 'pol':Polarizability(noniso =[ [0.700176948287,0.457852996406,-2.17895795905e-06], [0.457852996406,0.300823051706,-1.42688118228e-06], [-2.17895795905e-06, -1.42688118228e-06, 0.00100000000679 ]])}
{'elname':'single', 'pos':Position([ -1.21273837950690241378, .09435686193585059976, .00004251883868012453]), 'crg':'0.0', 'pol':Polarizability(noniso =[ [0.700176948277,-0.4578529964,-3.81317642829e-06], [-0.4578529964,0.300823051702,2.49704206895e-06], [-3.81317642829e-06, 2.49704206895e-06, 0.0010000000208 ]])}
{'elname':'single', 'pos':Position([ 2.42531235283757501268, -1.32583943525911547209, .83002064336861074135]), 'crg':'0.0', 'pol':Polarizability(noniso =[ [0.00100002498446,-9.51379706982e-05,0.000126127896907], [-9.51379706982e-05,0.363274457019,-0.480280533962], [0.000126127896907, -0.480280533962, 0.637725517996 ]])}
{'elname':'single', 'pos':Position([ 2.42529156584977584068, -1.32587817464546847445, -.82987702418018009846]), 'crg':'0.0', 'pol':Polarizability(noniso =[ [0.00100003170183,-0.000107173707065,-0.000142070146575], [-0.000107173707065,0.363319854897,0.480293500168], [-0.000142070146575, 0.480293500168, 0.637680113401 ]])}
{'elname':'single', 'pos':Position([ 3.63868095602002505021, .09364632489835162966, .00001984212471739145]), 'crg':'0.0', 'pol':Polarizability(noniso =[ [0.700713499455,-0.457618623074,2.12529801236e-05], [-0.457618623074,0.300286499899,-1.38996310747e-05], [2.12529801236e-05, -1.38996310747e-05, 0.00100000064553 ]])}
{'elname':'single', 'pos':Position([ -2.42530290420675720722, -1.32586305683615998572, .82998095911917595844]), 'crg':'0.0', 'pol':Polarizability(noniso =[ [0.00100002793881,0.000100609632627,-0.000133373810429], [0.000100609632627,0.363302395381,-0.480288514504], [-0.000133373810429, -0.480288514504, 0.637697576681 ]])}
{'elname':'single', 'pos':Position([ -2.42530101448059364613, -1.32585455306842396081, -.82991670842961488136]), 'crg':'0.0', 'pol':Polarizability(noniso =[ [0.00100002854943,0.000101701655377,0.000134824516678], [0.000101701655377,0.363291916304,0.480285520733], [0.000134824516678, 0.480285520733, 0.637708055146 ]])}
{'elname':'single', 'pos':Position([ -3.63868095602002505021, .09364632489835162966, .00003590479710766072]), 'crg':'0.0', 'pol':Polarizability(noniso =[ [0.700713499907,0.45761862337,0.0], [0.45761862337,0.300286500093,0.0], [0.0, 0.0, 0.001 ]])}
{'elname':'single', 'pos':Position([ 4.85222719346184983026, 1.51315287204361790341, .82996489644678568918]), 'crg':'0.0', 'pol':Polarizability(noniso =[ [0.00100010813499,-0.00019792705225,-0.000262396115272], [-0.00019792705225,0.363279771433,0.480282021001], [-0.000262396115272, 0.480282021001, 0.637720120432 ]])}
{'elname':'single', 'pos':Position([ 4.85221113078945956099, 1.51310468402644709560, -.83003576117791923007]), 'crg':'0.0', 'pol':Polarizability(noniso =[ [0.00100009821706,-0.000188617472436,0.000250084557729], [-0.000188617472436,0.363223727653,-0.480266009076], [0.000250084557729, -0.480266009076, 0.63777617413 ]])}
{'elname':'single', 'pos':Position([ 6.06424936675276259067, .09263437653776466559, -.00000661404157246381]), 'crg':'0.0', 'pol':Polarizability(noniso =[ [0.699888112603,0.457978853788,-5.99150754583e-06], [0.457978853788,0.301111887346,-3.92621323616e-06], [-5.99150754583e-06, -3.92621323616e-06, 0.00100000005136 ]])}
{'elname':'single', 'pos':Position([ 7.27709073633557908390, -1.32806458781670865638, -.82997434507760349463]), 'crg':'0.0', 'pol':Polarizability(noniso =[ [0.00100021039893,0.000276137132207,0.000365973723665], [0.000276137132207,0.363414948852,0.480320583048], [0.000365973723665, 0.480320583048, 0.637584840749 ]])}
{'elname':'single', 'pos':Position([ 7.27711341304954181699, -1.32800695116872004311, .83002536768401964408]), 'crg':'0.0', 'pol':Polarizability(noniso =[ [0.00100023087245,0.000289233862378,-0.000383386615006], [0.000289233862378,0.363348246145,-0.480301533162], [-0.000383386615006, -0.480301533162, 0.637651522983 ]])}
{'elname':'single', 'pos':Position([ 8.49049996863054568488, .09048481302671392493, -.00003779452327122181]), 'crg':'0.0', 'pol':Polarizability(noniso =[ [0.701550043965,-0.457251713224,2.39928964667e-05], [-0.457251713224,0.299449955214,-1.5660255979e-05], [2.39928964667e-05, -1.5660255979e-05, 0.00100000082172 ]])}
{'elname':'single', 'pos':Position([ 9.70444304856671829398, 1.50804116277118515309, .82947923682275048887]), 'crg':'0.0', 'pol':Polarizability(noniso =[ [0.00100000297538,-3.28152123288e-05,-4.35381490489e-05], [-3.28152123288e-05,0.362915695255,0.480177892047], [-4.35381490489e-05, 0.480177892047, 0.638084301769 ]])}
{'elname':'single', 'pos':Position([ 9.70444021397747295234, 1.50795895968307024565, -.82969844505772357538]), 'crg':'0.0', 'pol':Polarizability(noniso =[ [0.00100000268529,-3.11704240542e-05,4.13643507834e-05], [-3.11704240542e-05,0.362821360776,-0.480150852681], [4.13643507834e-05, -0.480150852681, 0.638178636539 ]])}
{'elname':'single', 'pos':Position([ 10.90981338576189601516, .08104941029205339912, -.00004062911251656344]), 'crg':'0.0', 'pol':Polarizability(noniso =[ [0.693608306931,0.460661949046,-2.22586852198e-05], [0.460661949046,0.307391692353,-1.48045139135e-05], [-2.22586852198e-05, -1.48045139135e-05, 0.00100000071534 ]])}
{'elname':'single', 'pos':Position([ -4.85220924106329599990, 1.51314436827588187850, -.82995261322672254209]), 'crg':'0.0', 'pol':Polarizability(noniso =[ [0.00100009708166,0.000187536013039,-0.000248625851243], [0.000187536013039,0.36326982274,-0.480279182642], [-0.000248625851243, -0.480279182642, 0.637730080178 ]])}
{'elname':'single', 'pos':Position([ -4.85222908318801339135, 1.51311318779418312050, .83004709953490059662]), 'crg':'0.0', 'pol':Polarizability(noniso =[ [0.00100010933326,0.000199008152454,0.000263855388695], [0.000199008152454,0.363234201717,0.480268998601], [0.000263855388695, 0.480268998601, 0.63776568895 ]])}
{'elname':'single', 'pos':Position([ -6.06424936675276259067, .09263437653776466559, .00000850376773602491]), 'crg':'0.0', 'pol':Polarizability(noniso =[ [0.699888112389,-0.457978853648,-1.5795792616e-05], [-0.457978853648,0.301111887254,1.03509258013e-05], [-1.5795792616e-05, 1.03509258013e-05, 0.00100000035701 ]])}
{'elname':'single', 'pos':Position([ 12.15799357946638668483, -1.33236560456497369878, -.83582304755382507031]), 'crg':'0.0', 'pol':Polarizability(noniso =[ [0.0026992946268,0.0243118782283,0.0332210822664], [0.0243118782283,0.348831043345,0.475295392534], [0.0332210822664, 0.475295392534, 0.650469662028 ]])}
{'elname':'single', 'pos':Position([ 12.96480744068338545197, -.12835587020755996290, -.00002645616628985526]), 'crg':'0.0', 'pol':Polarizability(noniso =[ [0.673219742546,-0.468687678691,1.94381909287e-05], [-0.468687678691,0.327780256891,-1.35527715235e-05], [1.94381909287e-05, -1.35527715235e-05, 0.00100000056208 ]])}
{'elname':'single', 'pos':Position([ 12.15798980001405956265, -1.33229096038151303570, .83587312529715943922]), 'crg':'0.0', 'pol':Polarizability(noniso =[ [0.00269899672897,0.0243067986187,-0.0332203353875], [0.0243067986187,0.348746672503,-0.475268720972], [-0.0332203353875, -0.475268720972, 0.650554330768 ]])}
{'elname':'single', 'pos':Position([ -7.27710585414488757262, -1.32805986350129975365, .82996300672062212809]), 'crg':'0.0', 'pol':Polarizability(noniso =[ [0.00100022394226,-0.00028488378444,0.000377570520397], [-0.00028488378444,0.363409356336,-0.480318981783], [0.000377570520397, -0.480318981783, 0.637590419721 ]])}
{'elname':'single', 'pos':Position([ -7.27709829524023332826, -1.32801167548412894584, -.83003765090408279116]), 'crg':'0.0', 'pol':Polarizability(noniso =[ [0.00100021711759,-0.000280487574038,-0.00037178911948], [-0.000280487574038,0.363353312777,0.480302985115], [-0.00037178911948, 0.480302985115, 0.637646470105 ]])}
{'elname':'single', 'pos':Position([ -8.49049996863054568488, .09048481302671392493, -.00000188972616356109]), 'crg':'0.0', 'pol':Polarizability(noniso =[ [0.701550044445,0.457251713537,9.815275834e-06], [0.457251713537,0.299449955418,6.40646835943e-06], [9.815275834e-06, 6.40646835943e-06, 0.00100000013752 ]])}
{'elname':'single', 'pos':Position([ -9.70443265507281870798, 1.50803076927728556709, -.82955104641696581032]), 'crg':'0.0', 'pol':Polarizability(noniso =[ [0.00100000198442,2.67986559324e-05,-3.55564940954e-05], [2.67986559324e-05,0.362903816316,-0.480174488616], [-3.55564940954e-05, -0.480174488616, 0.638096181699 ]])}
{'elname':'single', 'pos':Position([ -9.70445060747137253834, 1.50797029804005161219, .82962663546350825394]), 'crg':'0.0', 'pol':Polarizability(noniso =[ [0.00100000382172,3.71863870881e-05,4.9346420362e-05], [3.71863870881e-05,0.362833936683,0.480154458094], [4.9346420362e-05, 0.480154458094, 0.638166059495 ]])}
{'elname':'single', 'pos':Position([ -10.90981338576189601516, .08104941029205339912, -.00002740102937163581]), 'crg':'0.0', 'pol':Polarizability(noniso =[ [0.69360830683,-0.460661948978,-2.44302642621e-05], [-0.460661948978,0.307391692308,1.62488567319e-05], [-2.44302642621e-05, 1.62488567319e-05, 0.00100000086172 ]])}
{'elname':'single', 'pos':Position([ -12.15800208323412270974, -1.33235710079723767387, .83575690713810043214]), 'crg':'0.0', 'pol':Polarizability(noniso =[ [0.00269997100103,-0.0243163803908,0.0332279215919], [-0.0243163803908,0.348821436336,-0.475292096473], [0.0332279215919, -0.475292096473, 0.650478592663 ]])}
{'elname':'single', 'pos':Position([ -12.96480744068338545197, -.12835587020755996290, -.00006047123723395489]), 'crg':'0.0', 'pol':Polarizability(noniso =[ [0.673219742869,0.468687678916,7.47622728386e-06], [0.468687678916,0.327780257048,5.21260443462e-06], [7.47622728386e-06, 5.21260443462e-06, 0.00100000008315 ]])}
{'elname':'single', 'pos':Position([ -12.15798035138324175719, -1.33230040901233084115, -.83593832084980229684]), 'crg':'0.0', 'pol':Polarizability(noniso =[ [0.00269824626002,-0.0243018086201,-0.0332127395917], [-0.0243018086201,0.348757516748,0.475272438581], [-0.0332127395917, 0.475272438581, 0.650544236992 ]])}
