{'elname':'C', 'pos':Position([ -5.77226494263169312661, -.81808702264572245365, -.00013795000993995962]), 'crg':0., 'pol':Polarizability(iso=1.0)}
{'elname':'H', 'pos':Position([ -5.69218401699846478646, -2.87897702319752249341, -.00035337879258592395]), 'crg':0., 'pol':Polarizability(iso=1.0)}
{'elname':'C', 'pos':Position([ -1.09843734764082806288, -.65809902618631339369, .00010582466515942107]), 'crg':0., 'pol':Polarizability(iso=1.0)}
{'elname':'H', 'pos':Position([ -1.02416355050822295442, -2.71886808426364552365, -.00006614041572463817]), 'crg':0., 'pol':Polarizability(iso=1.0)}
{'elname':'C', 'pos':Position([ -8.35749537206062543888, .33853499357115159156, -.00011716302214078762]), 'crg':0., 'pol':Polarizability(iso=1.0)}
{'elname':'H', 'pos':Position([ -8.26647482166654194473, 2.40636595832171151742, .00101856240215942788]), 'crg':0., 'pol':Polarizability(iso=1.0)}
{'elname':'H', 'pos':Position([ -9.45144839951532303356, -.25403966761984454356, -1.66343334520081364049]), 'crg':0., 'pol':Polarizability(iso=1.0)}
{'elname':'H', 'pos':Position([ -9.45223641532552800838, -.25582923829673689644, 1.66205195537525048320]), 'crg':0., 'pol':Polarizability(iso=1.0)}
{'elname':'C', 'pos':Position([ -3.58626562142133107775, .48239606695073030357, .00006803014188819926]), 'crg':0., 'pol':Polarizability(iso=1.0)}
{'elname':'H', 'pos':Position([ -3.65466237018526119417, 2.54417045934707693377, .00029668700767909123]), 'crg':0., 'pol':Polarizability(iso=1.0)}
{'elname':'C', 'pos':Position([ 1.09726004824092950338, .65393595944798831090, .00029290755535196905]), 'crg':0., 'pol':Polarizability(iso=1.0)}
{'elname':'H', 'pos':Position([ 1.02270846136228091459, 2.71485241616607820593, .00040629112516563449]), 'crg':0., 'pol':Polarizability(iso=1.0)}
{'elname':'C', 'pos':Position([ 3.58612767141139111813, -.48164584566379655056, .00022676713962733088]), 'crg':0., 'pol':Polarizability(iso=1.0)}
{'elname':'H', 'pos':Position([ 3.65511590446451585593, -2.54435943196343304284, .00063872744328364865]), 'crg':0., 'pol':Polarizability(iso=1.0)}
{'elname':'C', 'pos':Position([ 5.76642568878628935638, .82913625152406415091, -.00020409042566459779]), 'crg':0., 'pol':Polarizability(iso=1.0)}
{'elname':'H', 'pos':Position([ 5.66439370403713538678, 2.88699513130951220120, -.00055368976592339957]), 'crg':0., 'pol':Polarizability(iso=1.0)}
{'elname':'C', 'pos':Position([ 8.36663030833527975128, -.33669440028784308923, -.00016062672390269270]), 'crg':0., 'pol':Polarizability(iso=1.0)}
{'elname':'H', 'pos':Position([ 9.84283903388127833171, 1.11086796634473291744, -.00052912332579710539]), 'crg':0., 'pol':Polarizability(iso=1.0)}
{'elname':'H', 'pos':Position([ 8.67223493378021577649, -1.53371309270316257011, 1.66684997010453209246]), 'crg':0., 'pol':Polarizability(iso=1.0)}
{'elname':'H', 'pos':Position([ 8.67200438718826132342, -1.53432725370631992459, -1.66677438105798964883]), 'crg':0., 'pol':Polarizability(iso=1.0)}
{'elname':'single', 'pos':Position([ -5.73222447981507895653, -1.84853202292162247353, -.00024566440126294178]), 'crg':'0.0', 'pol':Polarizability(noniso =[ [0.00250611724409,0.0387600660639,4.05166401175e-06], [0.0387600660639,0.998493871856,0.000104269946699], [4.05166401175e-06, 0.000104269946699, 0.00100001089954 ]])}
{'elname':'pi', 'pos':Position([ -7.06488015734615928274, -.23977601453728543104, -.00012755651604037362]), 'crg':'0.0', 'pol':Polarizability(noniso =[ [0.833386745519,0.372406585082,6.69294811261e-06], [0.372406585082,0.167613254427,2.9943988947e-06], [6.69294811261e-06, 2.9943988947e-06, 0.00100000005382 ]])}
{'elname':'pi', 'pos':Position([ -4.67926528202651210218, -.16784547784749607504, -.00003495993402588018]), 'crg':'0.0', 'pol':Polarizability(noniso =[ [0.738855580189,-0.438961117366,-6.95259156578e-05], [-0.438961117366,0.26214441326,4.13619879587e-05], [-6.95259156578e-05, 4.13619879587e-05, 0.00100000655122 ]])}
{'elname':'single', 'pos':Position([ -1.06130044907452550865, -1.68848355522497945867, .00001984212471739145]), 'crg':'0.0', 'pol':Polarizability(noniso =[ [0.00229602775639,0.0359590326856,3.00067488885e-06], [0.0359590326856,0.998703965296,8.32554440868e-05], [3.00067488885e-06, 8.32554440868e-05, 0.00100000694742 ]])}
{'elname':'pi', 'pos':Position([ -2.34235148453107957031, -.08785147961779154506, .00008692740352381016]), 'crg':'0.0', 'pol':Polarizability(noniso =[ [0.826512001782,0.37843945954,-1.25409912295e-05], [0.37843945954,0.174487998028,-5.74916649637e-06], [-1.25409912295e-05, -5.74916649637e-06, 0.00100000019052 ]])}
{'elname':'pi', 'pos':Position([ -.00058864969994927975, -.00208153336916254139, .00019936611025569506]), 'crg':'0.0', 'pol':Polarizability(noniso =[ [0.737148126057,-0.439883973906,-6.27229960244e-05], [-0.439883973906,0.263851868599,3.74800122012e-05], [-6.27229960244e-05, 3.74800122012e-05, 0.00100000534427 ]])}
{'elname':'single', 'pos':Position([ -8.31198509686358369180, 1.37245047594643155449, .00045069969000932013]), 'crg':'0.0', 'pol':Polarizability(noniso =[ [0.00293185069319,-0.0438883380221,-2.41050173693e-05], [-0.0438883380221,0.998067848532,0.000547624696909], [-2.41050173693e-05, 0.000547624696909, 0.00100030077473 ]])}
{'elname':'single', 'pos':Position([ -8.90447188578797423622, .04224766297565352400, -.83177525411147721405]), 'crg':'0.0', 'pol':Polarizability(noniso =[ [0.2780974295,-0.150098689141,-0.421316662563], [-0.150098689141,0.082305757771,0.228219651399], [-0.421316662563, 0.228219651399, 0.641596812729 ]])}
{'elname':'single', 'pos':Position([ -8.90486589369307672363, .04135287763720734756, .83096739617655484779]), 'crg':'0.0', 'pol':Polarizability(noniso =[ [0.278494575232,-0.150659236785,0.421326044465], [-0.150659236785,0.0827969346232,-0.228749193542], [0.421326044465, -0.228749193542, 0.640708490145 ]])}
{'elname':'single', 'pos':Position([ -3.62046399580329613596, 1.51328326314890361867, .00018235857478364524]), 'crg':'0.0', 'pol':Polarizability(noniso =[ [0.00209818735724,0.0331041257388,3.67134525683e-06], [0.0331041257388,0.998901800369,0.000110670255136], [3.67134525683e-06, 0.000110670255136, 0.00100001227366 ]])}
{'elname':'single', 'pos':Position([ 1.05998425480160520898, 1.68439418780703325841, .00034959934025880177]), 'crg':'0.0', 'pol':Polarizability(noniso =[ [0.00230554116103,0.0360905968114,1.98556360198e-06], [0.0360905968114,0.998694455819,5.48892501757e-05], [1.98556360198e-06, 5.48892501757e-05, 0.00100000301979 ]])}
{'elname':'pi', 'pos':Position([ 2.34169385982616031075, .08614505689209588017, .00025983734748964996]), 'crg':'0.0', 'pol':Polarizability(noniso =[ [0.827865432585,0.377269297804,2.19735364591e-05], [0.377269297804,0.173134566831,1.00257434203e-05], [2.19735364591e-05, 1.00257434203e-05, 0.00100000058394 ]])}
{'elname':'single', 'pos':Position([ 3.62062178793795348703, -1.51300263881361479670, .00043274729145548976]), 'crg':'0.0', 'pol':Polarizability(noniso =[ [0.00211622598641,0.0333745974589,-6.66549607026e-06], [0.0333745974589,0.998883734211,-0.000199294991263], [-6.66549607026e-06, -0.000199294991263, 0.00100003980273 ]])}
{'elname':'pi', 'pos':Position([ 4.67627668009884023725, .17374520293013380017, .00001133835698136654]), 'crg':'0.0', 'pol':Polarizability(noniso =[ [0.734784965965,-0.441147122507,0.000145006233718], [-0.441147122507,0.26621500538,-8.71768784011e-05], [0.000145006233718, -8.71768784011e-05, 0.00100002865527 ]])}
{'elname':'single', 'pos':Position([ 5.71540969641171237158, 1.85806569141678817605, -.00037889009579399868]), 'crg':'0.0', 'pol':Polarizability(noniso =[ [0.00344985643381,0.0494105728601,-8.39411479737e-06], [0.0494105728601,0.997550114805,-0.000169298908731], [-8.39411479737e-06, -0.000169298908731, 0.00100002876134 ]])}
{'elname':'pi', 'pos':Position([ 7.06652799856078455383, .24622092561811053084, -.00018235857478364524]), 'crg':'0.0', 'pol':Polarizability(noniso =[ [0.83278764808,0.372941240332,-1.39037404955e-05], [0.372941240332,0.168212351687,-6.23389664129e-06], [-1.39037404955e-05, -6.23389664129e-06, 0.00100000023241 ]])}
{'elname':'single', 'pos':Position([ 9.10473467110827904149, .38708678302844491410, -.00034487502484989904]), 'crg':'0.0', 'pol':Polarizability(noniso =[ [0.510286989964,-0.499404093561,0.000127130074456], [-0.499404093561,0.490712978301,-0.000124663069839], [0.000127130074456, -0.000124663069839, 0.00100003173467 ]])}
{'elname':'single', 'pos':Position([ 8.51943262105774776388, -.93520374649550282967, .83334467169031469988]), 'crg':'0.0', 'pol':Polarizability(noniso =[ [0.0226717908412,0.0848859492793,-0.118215177313], [0.0848859492793,0.333488645624,-0.46303545558], [-0.118215177313, -0.46303545558, 0.645839563535 ]])}
{'elname':'single', 'pos':Position([ 8.51931734776177053735, -.93551082699708150691, -.83346750389094617076]), 'crg':'0.0', 'pol':Polarizability(noniso =[ [0.0226390702193,0.0848652954088,0.11809768594], [0.0848652954088,0.333829381847,0.463161998311], [0.11809768594, 0.463161998311, 0.645531547934 ]])}
