{'elname':'single', 'pos':Position([ 0, 1.73273054848168061662, -.82922695837991508326]), 'crg':'0.0', 'pol':Polarizability(noniso =[ [0.001,1.33465287433e-16,-1.77272078124e-16], [1.33519497542e-16,0.362475647758,-0.48005158909], [-1.77212845093e-16, -0.48005158909, 0.638524352242 ]])}
{'elname':'single', 'pos':Position([ 0, 1.73275511492180691080, .82920900598136125290]), 'crg':'0.0', 'pol':Polarizability(noniso =[ [0.001,1.33411077324e-16,1.77213953201e-16], [1.33411077324e-16,0.362503787963,0.480059679064], [1.77212845093e-16, 0.480059679064, 0.638496212037 ]])}
{'elname':'single', 'pos':Position([ 1.20677251400854005047, .30863574621128801467, .00000094486308178054]), 'crg':'0.0', 'pol':Polarizability(noniso =[ [0.695168398918,0.460004852651,-5.43510964215e-07], [0.460004852651,0.305831601081,-3.60168629683e-07], [-5.43510964215e-07, -3.60168629683e-07, 0.00100000000043 ]])}
{'elname':'single', 'pos':Position([ -1.20677251400854005047, .30863574621128801467, 0]), 'crg':'0.0', 'pol':Polarizability(noniso =[ [0.695168398919,-0.460004852651,0.0], [-0.460004852651,0.305831601081,0.0], [0.0, 0.0, 0.001 ]])}
{'elname':'single', 'pos':Position([ 3.26327079095622411547, .10139325730587032094, -.00015968186082091216]), 'crg':'0.0', 'pol':Polarizability(noniso =[ [0.673219118913,-0.468687891485,0.000127819485511], [-0.468687891485,0.327780856783,-8.91189248701e-05], [0.000127819485511, -8.91189248701e-05, 0.00100002430431 ]])}
{'elname':'single', 'pos':Position([ 2.45584843791455867712, -1.10281867775104445164, .83598556400389132411]), 'crg':'0.0', 'pol':Polarizability(noniso =[ [0.00266319711536,0.0240519804232,-0.032867460068], [0.0240519804232,0.348822730653,-0.475305962724], [-0.032867460068, -0.475305962724, 0.650514072232 ]])}
{'elname':'single', 'pos':Position([ 2.45570198413688269259, -1.10306056269998027125, -.83581454378608904540]), 'crg':'0.0', 'pol':Polarizability(noniso =[ [0.00265169490193,0.0239780995314,0.0327469976309], [0.0239780995314,0.349096525858,0.475396980176], [0.0327469976309, 0.475396980176, 0.65025177924 ]])}
{'elname':'single', 'pos':Position([ -2.45578229749883403895, -1.10291977810079497000, .83591375440967600266]), 'crg':'0.0', 'pol':Polarizability(noniso =[ [0.00265799856002,-0.0240183171114,0.0328132906818], [-0.0240183171114,0.348937308738,-0.47534421324], [0.0328132906818, -0.47534421324, 0.650404692702 ]])}
{'elname':'single', 'pos':Position([ -3.26327079095622411547, .10139325730587032094, -.00002078698779917199]), 'crg':'0.0', 'pol':Polarizability(noniso =[ [0.673219134996,0.468687902698,-1.64446125644e-05], [0.468687902698,0.327780864602,-1.14655929477e-05], [-1.64446125644e-05, -1.14655929477e-05, 0.00100000040229 ]])}
{'elname':'single', 'pos':Position([ -2.45576717968952555022, -1.10295946235022975290, -.83588540851722258630]), 'crg':'0.0', 'pol':Polarizability(noniso =[ [0.0026568120475,-0.024011279821,-0.0328004367448], [-0.024011279821,0.348982476053,0.475358967916], [-0.0328004367448, 0.475358967916, 0.6503607119 ]])}
