{'elname':'C', 'pos':Position([ -2.42704712145572409393, .98894472399793490724, .00005102260641614944]), 'crg':-0.2544280, 'pol':Polarizability(iso=1.0)}
{'elname':'H', 'pos':Position([ -2.42658224881948806562, 2.23961463192291731389, -1.65912665927405791481]), 'crg':0.1859140, 'pol':Polarizability(iso=1.0)}
{'elname':'H', 'pos':Position([ -2.42666917622301187579, 2.23953904287637487027, 1.65928728599796060752]), 'crg':0.1859160, 'pol':Polarizability(iso=1.0)}
{'elname':'C', 'pos':Position([ 0, -.59635600324428187760, .00008314795119668799]), 'crg':-0.3284900, 'pol':Polarizability(iso=1.0)}
{'elname':'H', 'pos':Position([ .00002456644012629417, -1.84925767776842993235, 1.66019057510414280887]), 'crg':0.1857380, 'pol':Polarizability(iso=1.0)}
{'elname':'H', 'pos':Position([ -.00002456644012629417, -1.84941830449233262506, -1.65990144700111796199]), 'crg':0.1857370, 'pol':Polarizability(iso=1.0)}
{'elname':'C', 'pos':Position([ -4.83918997265944186559, -.61258497153694452444, -.00006236096339751599]), 'crg':-0.7031950, 'pol':Polarizability(iso=1.0)}
{'elname':'H', 'pos':Position([ -4.92518952063694354178, -1.83597668229092258698, 1.67170656634488409553]), 'crg':0.1875310, 'pol':Polarizability(iso=1.0)}
{'elname':'H', 'pos':Position([ -6.53809914712878786160, .57290828100681586432, -.00003590479710766072]), 'crg':0.1892380, 'pol':Polarizability(iso=1.0)}
{'elname':'H', 'pos':Position([ -4.92514227748285451451, -1.83584440145947331064, -1.67192577457985718205]), 'crg':0.1875320, 'pol':Polarizability(iso=1.0)}
{'elname':'C', 'pos':Position([ 2.42704712145572409393, .98894472399793490724, -.00004724315408902726]), 'crg':-0.2544280, 'pol':Polarizability(iso=1.0)}
{'elname':'H', 'pos':Position([ 2.42665783786603050925, 2.23965998535084278007, 1.65909831338160449845]), 'crg':0.1859140, 'pol':Polarizability(iso=1.0)}
{'elname':'H', 'pos':Position([ 2.42659358717646943216, 2.23949368944844940409, -1.65931563189041402388]), 'crg':0.1859150, 'pol':Polarizability(iso=1.0)}
{'elname':'C', 'pos':Position([ 4.83918997265944186559, -.61258497153694452444, -.00001700753547204981]), 'crg':-0.7031950, 'pol':Polarizability(iso=1.0)}
{'elname':'H', 'pos':Position([ 4.92511204186423753706, -1.83602203571884805316, -1.67175569922513668389]), 'crg':0.1875310, 'pol':Polarizability(iso=1.0)}
{'elname':'H', 'pos':Position([ 6.53809914712878786160, .57290828100681586432, -.00015306781924844834]), 'crg':0.1892380, 'pol':Polarizability(iso=1.0)}
{'elname':'H', 'pos':Position([ 4.92521975625556051923, -1.83579904803154784446, 1.67187664169960459369]), 'crg':0.1875320, 'pol':Polarizability(iso=1.0)}
{'elname':'single', 'pos':Position([ -2.42681468513760607977, 1.61427967796042611056, -.82953781833382088268]), 'crg':'0.0', 'pol':Polarizability(noniso =[ [0.00100005000884,-0.000134541261074,0.000178486630447], [-0.000134541261074,0.36296302704,-0.480191433668], [0.000178486630447, -0.480191433668, 0.638036922951 ]])}
{'elname':'single', 'pos':Position([ -2.42685814883936798486, 1.61424188343715488875, .82966915430218837848]), 'crg':'0.0', 'pol':Polarizability(noniso =[ [0.00100003305491,-0.000109376394922,-0.000145116028494], [-0.000109376394922,0.362918834449,0.480178780167], [-0.000145116028494, 0.480178780167, 0.638081132496 ]])}
{'elname':'single', 'pos':Position([ -1.21352356072786204696, .19629436037682651482, .00006708527880641871]), 'crg':'0.0', 'pol':Polarizability(noniso =[ [0.701244163238,0.457386085097,-9.26870557053e-06], [0.457386085097,0.29975583664,-6.05414108019e-06], [-9.26870557053e-06, -6.05414108019e-06, 0.00100000012268 ]])}
{'elname':'single', 'pos':Position([ -3.63311854705758297976, .18817987623049519140, -.00000566917849068327]), 'crg':'0.0', 'pol':Polarizability(noniso =[ [0.69435387557,-0.460348698124,-3.25913274651e-05], [-0.460348698124,0.306646122898,2.16388422959e-05], [-3.25913274651e-05, 2.16388422959e-05, 0.00100000153197 ]])}
{'elname':'single', 'pos':Position([ .00001228322006314708, -1.22280684050635590497, .83013686152766974843]), 'crg':'0.0', 'pol':Polarizability(noniso =[ [0.00100000013938,7.10831024232e-06,-9.41858317195e-06], [7.10831024232e-06,0.363527649911,-0.480352813316], [-9.41858317195e-06, -0.480352813316, 0.637472349949 ]])}
{'elname':'single', 'pos':Position([ -.00001228322006314708, -1.22288715386830725133, -.82990914952496063700]), 'crg':'0.0', 'pol':Polarizability(noniso =[ [0.00100000013938,-7.10923024763e-06,-9.41789780227e-06], [-7.10923024763e-06,0.363621054104,0.480379437653], [-9.41789780227e-06, 0.480379437653, 0.637378945757 ]])}
{'elname':'single', 'pos':Position([ 1.21352356072786204696, .19629436037682651482, .00001795239855383036]), 'crg':'0.0', 'pol':Polarizability(noniso =[ [0.701244161907,-0.457386084228,3.76200401854e-05], [-0.457386084228,0.299755836072,-2.45726902199e-05], [3.76200401854e-05, -2.45726902199e-05, 0.00100000202111 ]])}
{'elname':'single', 'pos':Position([ -4.88218974664819270368, -1.22428082691393355571, .83582210269074328977]), 'crg':'0.0', 'pol':Polarizability(noniso =[ [0.00271870378539,-0.0244495234421,0.0334103568128], [-0.0244495234421,0.348808157304,-0.475281028091], [0.0334103568128, -0.475281028091, 0.650473138911 ]])}
{'elname':'single', 'pos':Position([ -5.68864455989411486359, -.01983834526506433006, -.00004913288025258835]), 'crg':'0.0', 'pol':Polarizability(noniso =[ [0.672858487239,0.468820649894,1.04624779999e-05], [0.468820649894,0.328141512598,7.30068284998e-06], [1.04624779999e-05, 7.30068284998e-06, 0.00100000016293 ]])}
{'elname':'single', 'pos':Position([ -4.88216612507114819005, -1.22421468649820891754, -.83599406777162734902]), 'crg':'0.0', 'pol':Polarizability(noniso =[ [0.00271682231846,-0.0244335401461,-0.0333940134335], [-0.0244335401461,0.34873422832,0.47525824839], [-0.0333940134335, 0.47525824839, 0.650548949361 ]])}
{'elname':'single', 'pos':Position([ 2.42685247966087730159, 1.61430235467438884365, .82952553511375773559]), 'crg':'0.0', 'pol':Polarizability(noniso =[ [0.00100003506795,0.000112668541914,0.000149461285437], [0.000112668541914,0.362988710998,0.480198794983], [0.000149461285437, 0.480198794983, 0.638011253934 ]])}
{'elname':'single', 'pos':Position([ 2.42682035431609676304, 1.61421920672319215566, -.82968143752225152557]), 'crg':'0.0', 'pol':Polarizability(noniso =[ [0.00100004759915,0.000131247119652,-0.000174142878662], [0.000131247119652,0.362893151647,-0.480171415289], [-0.000174142878662, -0.480171415289, 0.638106800754 ]])}
{'elname':'single', 'pos':Position([ 3.63311854705758297976, .18817987623049519140, -.00003212534478053853]), 'crg':'0.0', 'pol':Polarizability(noniso =[ [0.694353876558,0.460348698779,-8.69102066975e-06], [0.460348698779,0.306646123333,-5.77035795379e-06], [-8.69102066975e-06, -5.77035795379e-06, 0.00100000010894 ]])}
{'elname':'single', 'pos':Position([ 4.88215100726183970132, -1.22430350362789628880, -.83588635338030436685]), 'crg':'0.0', 'pol':Polarizability(noniso =[ [0.0027156097221,0.0244284214883,0.0333796797355], [0.0244284214883,0.348834224023,0.475290431863], [0.0333796797355, 0.475290431863, 0.650450166255 ]])}
{'elname':'single', 'pos':Position([ 5.68864455989411486359, -.01983834526506433006, -.00008503767736024907]), 'crg':'0.0', 'pol':Polarizability(noniso =[ [0.67285848445,-0.468820647948,5.38070294902e-05], [-0.468820647948,0.32814151124,-3.75463687869e-05], [5.38070294902e-05, -3.75463687869e-05, 0.00100000430924 ]])}
{'elname':'single', 'pos':Position([ 4.88220486445750119241, -1.22419200978424618445, .83592981708206627194]), 'crg':'0.0', 'pol':Polarizability(noniso =[ [0.00271991746715,0.0244546384785,-0.0334246928254], [0.0244546384785,0.348708163058,-0.47524883892], [-0.0334246928254, -0.47524883892, 0.650571919474 ]])}
