{'elname':'C', 'pos':Position([ -10.46522034585012355029, -.78281717352901825702, .00008314795119668799]), 'crg':-0.0752590, 'pol':Polarizability(iso=1.0)}
{'elname':'H', 'pos':Position([ -10.42824218428156012768, -2.84477297963706675193, .00008503767736024908]), 'crg':0.2066380, 'pol':Polarizability(iso=1.0)}
{'elname':'C', 'pos':Position([ -5.79300468727677609692, -.72031448066923518246, -.00001511780930848872]), 'crg':-0.2325170, 'pol':Polarizability(iso=1.0)}
{'elname':'H', 'pos':Position([ -5.76048438972805328725, -2.78189423127073502032, .00007747877270600471]), 'crg':0.2142810, 'pol':Polarizability(iso=1.0)}
{'elname':'C', 'pos':Position([ -13.02419303023637450744, .42861635006194522364, .00001700753547204981]), 'crg':-0.8853630, 'pol':Polarizability(iso=1.0)}
{'elname':'H', 'pos':Position([ -12.88972011643736729398, 2.49395287627660450979, .00000377945232712218]), 'crg':0.1980170, 'pol':Polarizability(iso=1.0)}
{'elname':'H', 'pos':Position([ -14.13082989970089414283, -.14238897669816462236, -1.66255084308243061114]), 'crg':0.2016250, 'pol':Polarizability(iso=1.0)}
{'elname':'H', 'pos':Position([ -14.13083556887938482610, -.14233606436558491182, 1.66258485815337471077]), 'crg':0.2016210, 'pol':Polarizability(iso=1.0)}
{'elname':'C', 'pos':Position([ -8.24981121635626024704, .47224823745240724657, -.00015117809308488725]), 'crg':-0.1285890, 'pol':Polarizability(iso=1.0)}
{'elname':'H', 'pos':Position([ -8.27507118598458134628, 2.53486733744386568431, -.00012661165295859307]), 'crg':0.2121950, 'pol':Polarizability(iso=1.0)}
{'elname':'C', 'pos':Position([ -3.56215460530045512164, .54783350454252375196, 0]), 'crg':-0.1245460, 'pol':Polarizability(iso=1.0)}
{'elname':'H', 'pos':Position([ -3.59808207912207857783, 2.60958144077258052690, -.00010960411748654325]), 'crg':0.2142130, 'pol':Polarizability(iso=1.0)}
{'elname':'C', 'pos':Position([ -1.11704548117341412290, -.63563207182773558649, .00008125822503312689]), 'crg':-0.2168240, 'pol':Polarizability(iso=1.0)}
{'elname':'H', 'pos':Position([ -1.07936812092433309673, -2.69720615325074474108, .00010393493899585998]), 'crg':0.2144870, 'pol':Polarizability(iso=1.0)}
{'elname':'C', 'pos':Position([ 1.11707382706586753926, .63546010674685152723, -.00000944863081780545]), 'crg':-0.2167660, 'pol':Polarizability(iso=1.0)}
{'elname':'H', 'pos':Position([ 1.07939268736445939091, 2.69703418816986068182, -.00013606028377639852]), 'crg':0.2144860, 'pol':Polarizability(iso=1.0)}
{'elname':'C', 'pos':Position([ 3.56218484091907209910, -.54798468263560863922, -.00011716302214078762]), 'crg':-0.1245660, 'pol':Polarizability(iso=1.0)}
{'elname':'H', 'pos':Position([ 3.59813499145465828837, -2.60973261886566541415, -.00016629590239337598]), 'crg':0.2142130, 'pol':Polarizability(iso=1.0)}
{'elname':'C', 'pos':Position([ 5.79300846672910321911, .72020487655174863920, .00009637603434161562]), 'crg':-0.2324790, 'pol':Polarizability(iso=1.0)}
{'elname':'H', 'pos':Position([ 5.76045037465710918762, 2.78178462715324847706, .00018330343786542579]), 'crg':0.2142800, 'pol':Polarizability(iso=1.0)}
{'elname':'C', 'pos':Position([ 8.24984523142720434667, -.47228792170184202947, .00011149384365010435]), 'crg':-0.1286200, 'pol':Polarizability(iso=1.0)}
{'elname':'H', 'pos':Position([ 8.27516756201892296191, -2.53490324224097334503, -.00015495754541200943]), 'crg':0.2121980, 'pol':Polarizability(iso=1.0)}
{'elname':'C', 'pos':Position([ 10.46516743351754383975, .78291732901568699482, .00001511780930848872]), 'crg':-0.0752560, 'pol':Polarizability(iso=1.0)}
{'elname':'H', 'pos':Position([ 10.42802486577275060225, 2.84487124539757192864, .00019275206868323125]), 'crg':0.2066390, 'pol':Polarizability(iso=1.0)}
{'elname':'C', 'pos':Position([ 13.02417791242706601871, -.42834233976822886549, -.00006236096339751599]), 'crg':-0.8853690, 'pol':Polarizability(iso=1.0)}
{'elname':'H', 'pos':Position([ 12.88979570548390973760, -2.49368642488754239600, -.00001700753547204981]), 'crg':0.1980170, 'pol':Polarizability(iso=1.0)}
{'elname':'H', 'pos':Position([ 14.13066360379850076685, .14268188425351659141, -1.66271902871098754821]), 'crg':0.2016210, 'pol':Polarizability(iso=1.0)}
{'elname':'H', 'pos':Position([ 14.13082800997473058174, .14272156850295137432, 1.66244690814343475115]), 'crg':0.2016250, 'pol':Polarizability(iso=1.0)}
{'elname':'single', 'pos':Position([ -10.44673126506584183898, -1.81379507658304250447, .00008409281427846853]), 'crg':'0.0', 'pol':Polarizability(noniso =[ [0.00132118685449,0.0179098438474,-1.64138825883e-08], [0.0179098438474,0.999678813145,-9.15261848291e-07], [-1.64138825883e-08, -9.15261848291e-07, 0.00100000000084 ]])}
{'elname':'pi', 'pos':Position([ -11.74470668804324902886, -.17710041173353651669, .00005007774333436890]), 'crg':'0.0', 'pol':Polarizability(noniso =[ [0.817100843336,0.386347195607,-2.1093327561e-05], [0.386347195607,0.183899156118,-9.98571195677e-06], [-2.1093327561e-05, -9.98571195677e-06, 0.00100000054519 ]])}
{'elname':'pi', 'pos':Position([ -9.35751578110319189866, -.15528446803830550522, -.00003401507094409963]), 'crg':'0.0', 'pol':Polarizability(noniso =[ [0.757279193296,-0.428444499896,7.9992408345e-05], [-0.428444499896,0.243720798243,-4.5317004213e-05], [7.9992408345e-05, -4.5317004213e-05, 0.00100000846088 ]])}
{'elname':'single', 'pos':Position([ -5.77674453850241469208, -1.75110435596998510139, .00003118048169875799]), 'crg':'0.0', 'pol':Polarizability(noniso =[ [0.00124852276416,0.0157547604656,-7.0763062605e-07], [0.0157547604656,0.999751475221,-4.48592749615e-05], [-7.0763062605e-07, -4.48592749615e-05, 0.00100000201487 ]])}
{'elname':'pi', 'pos':Position([ -7.02140795181651817198, -.12403312160841396794, -.00008314795119668798]), 'crg':'0.0', 'pol':Polarizability(noniso =[ [0.809498015087,0.392454423682,-4.47753895406e-05], [0.392454423682,0.191501982433,-2.17344994909e-05], [-4.47753895406e-05, -2.17344994909e-05, 0.0010000024797 ]])}
{'elname':'pi', 'pos':Position([ -4.67757964628861560928, -.08624048806335571525, -.00000755890465424436]), 'crg':'0.0', 'pol':Polarizability(noniso =[ [0.75601858626,-0.42919750937,-5.11653701146e-06], [-0.42919750937,0.244981413706,2.90854421584e-06], [-5.11653701146e-06, 2.90854421584e-06, 0.00100000003467 ]])}
{'elname':'single', 'pos':Position([ -12.95695657333687090071, 1.46128461316927486671, .00001039349389958599]), 'crg':'0.0', 'pol':Polarizability(noniso =[ [0.0052171231191,-0.0647697604473,4.1483785601e-07], [-0.0647697604473,0.99578287684,-6.37139296137e-06], [4.1483785601e-07, -6.37139296137e-06, 0.00100000004081 ]])}
{'elname':'single', 'pos':Position([ -13.57751146496863432513, .14311368668189030064, -.83126691777347928066]), 'crg':'0.0', 'pol':Polarizability(noniso =[ [0.284538908375,-0.14630113228,-0.42597774073], [-0.14630113228,0.0764888330112,0.219797085882], [-0.42597774073, 0.219797085882, 0.640972258614 ]])}
{'elname':'single', 'pos':Position([ -13.57751429955787966677, .14314014284818015591, .83130093284442338029]), 'crg':'0.0', 'pol':Polarizability(noniso =[ [0.284544959601,-0.146289947865,0.425984649583], [-0.146289947865,0.0764756807398,-0.21977915695], [0.425984649583, -0.21977915695, 0.640979359659 ]])}
{'elname':'single', 'pos':Position([ -8.26244120117042079666, 1.50355778744813646544, -.00013889487302174016]), 'crg':'0.0', 'pol':Polarizability(noniso =[ [0.0011498055614,0.012232469665,1.45692548675e-07], [0.012232469665,0.999850194297,1.18966189605e-05], [1.45692548675e-07, 1.18966189605e-05, 0.00100000014169 ]])}
{'elname':'single', 'pos':Position([ -3.58011834221126684973, 1.57870747265755213943, -.00005480205874327162]), 'crg':'0.0', 'pol':Polarizability(noniso =[ [0.00130326050719,0.0174030249925,-9.25158290391e-07], [0.0174030249925,0.99969673667,-5.30914921926e-05], [-9.25158290391e-07, -5.30914921926e-05, 0.00100000282238 ]])}
{'elname':'pi', 'pos':Position([ -2.33960004323693462227, -.04389928364260591726, .00004062911251656344]), 'crg':'0.0', 'pol':Polarizability(noniso =[ [0.810385979561,0.3917536585,-2.6898295629e-05], [0.3917536585,0.190614019545,-1.30191354757e-05], [-2.6898295629e-05, -1.30191354757e-05, 0.00100000089391 ]])}
{'elname':'single', 'pos':Position([ -1.09820680104887360981, -1.66641911253924016378, .00009259658201449343]), 'crg':'0.0', 'pol':Polarizability(noniso =[ [0.00133356732081,0.0182516433861,-2.00762757034e-07], [0.0182516433861,0.999666432558,-1.09850396546e-05], [-2.00762757034e-07, -1.09850396546e-05, 0.00100000012083 ]])}
{'elname':'pi', 'pos':Position([ .00001417294622670818, -.00008598254044202963, .00003590479710766072]), 'crg':'0.0', 'pol':Polarizability(noniso =[ [0.755703291681,-0.429385059098,3.06414981672e-05], [-0.429385059098,0.245296707075,-1.74333432044e-05], [3.06414981672e-05, -1.74333432044e-05, 0.00100000124407 ]])}
{'elname':'single', 'pos':Position([ 1.09823325721516346508, 1.66624714745835610452, -.00007275445729710198]), 'crg':'0.0', 'pol':Polarizability(noniso =[ [0.00133363422152,0.0182534729366,-1.12103775536e-06], [0.0182534729366,0.999666362012,-6.13331337388e-05], [-1.12103775536e-06, -6.13331337388e-05, 0.00100000376678 ]])}
{'elname':'pi', 'pos':Position([ 2.33962933399246981918, .04373771205562144400, -.00006330582647929653]), 'crg':'0.0', 'pol':Polarizability(noniso =[ [0.810391613135,0.39174920145,3.5656100871e-05], [0.39174920145,0.190608385294,1.7257714086e-05], [3.5656100871e-05, 1.7257714086e-05, 0.00100000157076 ]])}
{'elname':'single', 'pos':Position([ 3.58015991618686519373, -1.57885865075063702668, -.00014172946226708180]), 'crg':'0.0', 'pol':Polarizability(noniso =[ [0.00130364333641,0.0174140028032,4.14987739002e-07], [0.0174140028032,0.999696356096,2.37996253618e-05], [4.14987739002e-07, 2.37996253618e-05, 0.00100000056716 ]])}
{'elname':'pi', 'pos':Position([ 4.67759665382408765910, .08611009695806999999, -.00001039349389958600]), 'crg':'0.0', 'pol':Polarizability(noniso =[ [0.756002117173,-0.4292073076,-7.22703659214e-05], [-0.4292073076,0.244997875909,4.10846121763e-05], [-7.22703659214e-05, 4.10846121763e-05, 0.00100000691787 ]])}
{'elname':'single', 'pos':Position([ 5.77672942069310620336, 1.75099475185249855813, .00013983973610352070]), 'crg':'0.0', 'pol':Polarizability(noniso =[ [0.00124910061342,0.0157730612517,6.65077962581e-07], [0.0157730612517,0.999750897611,4.21127643842e-05], [6.65077962581e-07, 4.21127643842e-05, 0.0010000017757 ]])}
{'elname':'pi', 'pos':Position([ 7.02142684907815378289, .12395847742495330486, .00010393493899585998]), 'crg':'0.0', 'pol':Polarizability(noniso =[ [0.809519889931,0.392437202113,-4.97511665965e-06], [0.392437202113,0.191480110039,-2.41480869725e-06], [-4.97511665965e-06, -2.41480869725e-06, 0.00100000003061 ]])}
{'elname':'single', 'pos':Position([ 8.26250639672306365429, -1.50359558197140768725, -.00002173185088095254]), 'crg':'0.0', 'pol':Polarizability(noniso =[ [0.00115054658183,0.0122626819441,1.58410955503e-06], [0.0122626819441,0.99984943675,0.000129032698068], [1.58410955503e-06, 0.000129032698068, 0.00100001666862 ]])}
{'elname':'pi', 'pos':Position([ 9.35750633247237409321, .15531470365692248267, .00006330582647929653]), 'crg':'0.0', 'pol':Polarizability(noniso =[ [0.757223830017,-0.428477682055,3.28989858644e-05], [-0.428477682055,0.243776168551,-1.86406202047e-05], [3.28989858644e-05, -1.86406202047e-05, 0.00100000143125 ]])}
{'elname':'single', 'pos':Position([ 10.44659614964514722100, 1.81389428720662946173, .00010393493899585998]), 'crg':'0.0', 'pol':Polarizability(noniso =[ [0.00132404888192,0.017989436427,1.54976315954e-06], [0.017989436427,0.999675943706,8.603444539e-05], [1.54976315954e-06, 8.603444539e-05, 0.00100000741174 ]])}
{'elname':'pi', 'pos':Position([ 11.74467267297230492923, .17728749462372906466, -.00002362157704451363]), 'crg':'0.0', 'pol':Polarizability(noniso =[ [0.817148140143,0.386308432128,2.47103936329e-05], [0.386308432128,0.183851859109,1.16962018929e-05], [2.47103936329e-05, 1.16962018929e-05, 0.00100000074815 ]])}
{'elname':'single', 'pos':Position([ 12.95698680895548787815, -1.46101438232788563074, -.00003968424943478290]), 'crg':'0.0', 'pol':Polarizability(noniso =[ [0.00521142911007,-0.0647262044599,1.4213395579e-06], [-0.0647262044599,0.99578857041,-2.1844820945e-05], [1.4213395579e-06, -2.1844820945e-05, 0.0010000004797 ]])}
{'elname':'single', 'pos':Position([ 13.57742075811278339278, -.14283022775735613704, -.83139069483719253210]), 'crg':'0.0', 'pol':Polarizability(noniso =[ [0.284462604957,-0.146286585807,0.425944044161], [-0.146286585807,0.0764941386016,-0.219817001874], [0.425944044161, -0.219817001874, 0.641043256441 ]])}
{'elname':'single', 'pos':Position([ 13.57750296120089830022, -.14281038563263874558, .83119227359001861758]), 'crg':'0.0', 'pol':Polarizability(noniso =[ [0.284552166925,-0.14632123469,-0.425977557706], [-0.14632123469,0.0765060486872,0.219816913655], [-0.425977557706, 0.219816913655, 0.640941784388 ]])}
