{'elname':'C', 'pos':Position([ 2.10612248600279830650, .79229037078695000464, -.00008881712968737126]), 'crg':-0.0006830, 'pol':Polarizability(iso=1.0)}
{'elname':'H', 'pos':Position([ 2.06523259127566342616, 2.85459010705676661806, -.00004535342792546617]), 'crg':0.2067130, 'pol':Polarizability(iso=1.0)}
{'elname':'C', 'pos':Position([ -2.57106504210687837646, .74745472783029956695, -.00012094247446790980]), 'crg':-0.2008100, 'pol':Polarizability(iso=1.0)}
{'elname':'H', 'pos':Position([ -2.57394687450630903976, 2.80869621744852196957, .00020598015182815888]), 'crg':0.2159590, 'pol':Polarizability(iso=1.0)}
{'elname':'C', 'pos':Position([ 4.67109883041068284876, -.41019340969338815050, .00005858151107039381]), 'crg':-0.8802480, 'pol':Polarizability(iso=1.0)}
{'elname':'H', 'pos':Position([ 4.54428119730026161369, -2.47590032223610541043, -.00109793090102899369]), 'crg':0.1990540, 'pol':Polarizability(iso=1.0)}
{'elname':'H', 'pos':Position([ 5.77377483383637843807, .16688738668257060205, -1.66223336908695234790]), 'crg':0.2021420, 'pol':Polarizability(iso=1.0)}
{'elname':'H', 'pos':Position([ 5.77276383033887325455, .16502222695913580554, 1.66377160618409107573]), 'crg':0.2021620, 'pol':Polarizability(iso=1.0)}
{'elname':'C', 'pos':Position([ -.10017627365653697853, -.46289220321661628656, .00001700753547204981]), 'crg':-0.1285680, 'pol':Polarizability(iso=1.0)}
{'elname':'H', 'pos':Position([ -.08484870474389297195, -2.52525241072366685488, -.00049132880252588357]), 'crg':0.2138460, 'pol':Polarizability(iso=1.0)}
{'elname':'C', 'pos':Position([ -4.78182922469070851880, -.49159336418878213195, .00003212534478053854]), 'crg':-0.4325360, 'pol':Polarizability(iso=1.0)}
{'elname':'H', 'pos':Position([ -6.57739600270004074249, .50134435119275735991, .00032881235245962977]), 'crg':0.2059080, 'pol':Polarizability(iso=1.0)}
{'elname':'H', 'pos':Position([ -4.86477119573556835026, -2.54578617521692166631, .00018519316402898688]), 'crg':0.1970610, 'pol':Polarizability(iso=1.0)}
{'elname':'single', 'pos':Position([ 2.08567753863923086633, 1.82344023892185831135, -.00006708527880641871]), 'crg':'0.0', 'pol':Polarizability(noniso =[ [0.00139257550937,0.0197997176283,4.17286103873e-07], [0.0197997176283,0.999607424047,2.10460072766e-05], [4.17286103873e-07, 2.10460072766e-05, 0.00100000044355 ]])}
{'elname':'pi', 'pos':Position([ 3.38861065820674057763, .19104848054678092707, -.00001511780930848872]), 'crg':'0.0', 'pol':Polarizability(noniso =[ [0.819998936741,0.383954004024,-4.70645003495e-05], [0.383954004024,0.181001060554,-2.20642574073e-05], [-4.70645003495e-05, -2.20642574073e-05, 0.0010000027046 ]])}
{'elname':'pi', 'pos':Position([ 1.00297310617313066398, .16469908378516685904, -.00003590479710766072]), 'crg':'0.0', 'pol':Polarizability(noniso =[ [0.755727176507,-0.429370861915,3.62003334276e-05], [-0.429370861915,0.245272821757,-2.05946848732e-05], [3.62003334276e-05, -2.05946848732e-05, 0.00100000173634 ]])}
{'elname':'single', 'pos':Position([ -2.57250595830659370811, 1.77807547263941076826, .00004251883868012454]), 'crg':'0.0', 'pol':Polarizability(noniso =[ [0.00100195273952,0.0013967043074,2.21523893554e-07], [0.0013967043074,0.99999802213,0.000158445800118], [2.21523893554e-07, 0.000158445800118, 0.00100002513025 ]])}
{'elname':'pi', 'pos':Position([ -1.33562065788170767749, .14228126230684164019, -.00005196746949792999]), 'crg':'0.0', 'pol':Polarizability(noniso =[ [0.806680302197,0.394656648903,-4.49812258308e-05], [0.394656648903,0.194319695292,-2.20337270274e-05], [-4.49812258308e-05, -2.20337270274e-05, 0.00100000251131 ]])}
{'elname':'pi', 'pos':Position([ -3.67644713339879344763, .12793068182075871750, -.00004440856484368563]), 'crg':'0.0', 'pol':Polarizability(noniso =[ [0.761206261021,-0.42606630082,5.26347927428e-05], [-0.42606630082,0.239793735335,-2.94997720858e-05], [5.26347927428e-05, -2.94997720858e-05, 0.0010000036443 ]])}
{'elname':'single', 'pos':Position([ 4.60769001385547223122, -1.44304686596474678046, -.00051967469497929994]), 'crg':'0.0', 'pol':Polarizability(noniso =[ [0.0047510553341,-0.0611001856992,-3.42077197465e-05], [-0.0611001856992,0.996248632709,0.000557202665036], [-3.42077197465e-05, 0.000557202665036, 0.00100031195703 ]])}
{'elname':'single', 'pos':Position([ 5.22243683212353064341, -.12165301150540877422, -.83108739378794097704]), 'crg':'0.0', 'pol':Polarizability(noniso =[ [0.282688667124,-0.147420565831,0.424647677541], [-0.147420565831,0.0781519261033,-0.222237555885], [0.424647677541, -0.222237555885, 0.641159406773 ]])}
{'elname':'single', 'pos':Position([ 5.22193133037477805165, -.12258559136712617248, .83191509384758073477]), 'crg':'0.0', 'pol':Polarizability(noniso =[ [0.282149629522,-0.146797495746,-0.424586694274], [-0.146797495746,0.07764781488,0.221690718755], [-0.424586694274, 0.221690718755, 0.642202555598 ]])}
{'elname':'single', 'pos':Position([ -.09251248920021497524, -1.49407230697014157072, -.00023716063352691688]), 'crg':'0.0', 'pol':Polarizability(noniso =[ [0.00105517711483,0.00742420971213,1.82994006762e-06], [0.00742420971213,0.999944762196,0.000246222711449], [1.82994006762e-06, 0.000246222711449, 0.00100006068967 ]])}
{'elname':'single', 'pos':Position([ -5.67961261369537463064, .00487549350198761398, .00018046884862008415]), 'crg':'0.0', 'pol':Polarizability(noniso =[ [0.766046823391,0.42306632885,0.000126411033856], [0.42306632885,0.234953155721,6.99045475187e-05], [0.000126411033856, 6.99045475187e-05, 0.00100002088728 ]])}
{'elname':'single', 'pos':Position([ -4.82330021021313843453, -1.51868976970285189913, .00010865925440476271]), 'crg':'0.0', 'pol':Polarizability(noniso =[ [0.00262601417623,-0.0402708856489,3.00077802453e-06], [-0.0402708856489,0.998373980286,-7.43191482892e-05], [3.00077802453e-06, -7.43191482892e-05, 0.00100000553788 ]])}
