{'elname':'single', 'pos':Position([ -3.69175391532363828221, 1.27999184394187807032, -.82999324233923910553]), 'crg':'0.0', 'pol':Polarizability(noniso =[ [0.00156539501093,0.0143053360379,-0.0189701688247], [0.0143053360379,0.362946312229,-0.479973530876], [-0.0189701688247, -0.479973530876, 0.637488292761 ]])}
{'elname':'single', 'pos':Position([ -3.69174541155590225731, 1.27999562339420519251, .82992710192351446736]), 'crg':'0.0', 'pol':Polarizability(noniso =[ [0.00156500572843,0.0143004890716,0.0189635836154], [0.0143004890716,0.362950290763,0.479974815486], [0.0189635836154, 0.479974815486, 0.637484703508 ]])}
{'elname':'single', 'pos':Position([ -2.42450638462881620749, -.09259374742524810215, -.00003023561861697745]), 'crg':'0.0', 'pol':Polarizability(noniso =[ [0.734928564333,0.441070853972,-1.11622673218e-06], [0.441070853972,0.266071435666,-6.70821523938e-07], [-1.11622673218e-06, -6.70821523938e-07, 0.0010000000017 ]])}
{'elname':'single', 'pos':Position([ -4.84933591243160136150, -.18454309822872187237, -.00002551130320807472]), 'crg':'0.0', 'pol':Polarizability(noniso =[ [0.665599308082,-0.471425994677,3.71785386584e-06], [-0.471425994677,0.335400691897,-2.63721754665e-06], [3.71785386584e-06, -2.63721754665e-06, 0.0010000000208 ]])}
{'elname':'single', 'pos':Position([ -1.15825096016986370538, -1.46506690008564238973, .82991387384036953973]), 'crg':'0.0', 'pol':Polarizability(noniso =[ [0.0015210580686,0.0137319224561,-0.0182126278905], [0.0137319224561,0.362889980609,-0.479974131458], [-0.0182126278905, -0.479974131458, 0.637588961323 ]])}
{'elname':'single', 'pos':Position([ -1.15824907044370014429, -1.46508390762111443954, -.82995639267904966427]), 'crg':'0.0', 'pol':Polarizability(noniso =[ [0.00152114204647,0.0137334158937,0.0182138025486], [0.0137334158937,0.362910372396,0.479979934647], [0.0182138025486, 0.479979934647, 0.637568485557 ]])}
{'elname':'single', 'pos':Position([ 0, 0, -.00003307020786231908]), 'crg':'0.0', 'pol':Polarizability(noniso =[ [0.665135791572,-0.471588068261,2.65448328726e-06], [-0.471588068261,0.335864208417,-1.88488959872e-06], [2.65448328726e-06, -1.88488959872e-06, 0.00100000001061 ]])}
{'elname':'single', 'pos':Position([ -6.00763884007096299689, -1.64809727252043360900, .82952270052451239396]), 'crg':'0.0', 'pol':Polarizability(noniso =[ [0.00153388597333,0.0138918109096,-0.0184413839712], [0.0138918109096,0.362467466818,-0.479848192008], [-0.0184413839712, -0.479848192008, 0.637998647209 ]])}
{'elname':'single', 'pos':Position([ -6.00767191027882531598, -1.64806514717565307046, -.82958506148790990994]), 'crg':'0.0', 'pol':Polarizability(noniso =[ [0.00153241711274,0.0138719808294,0.0184165516726], [0.0138719808294,0.362430629347,0.479838167547], [0.0184165516726, 0.479838167547, 0.638036953541 ]])}
{'elname':'single', 'pos':Position([ -7.26759580722676638373, -.26937479543714279451, .00001795239855383036]), 'crg':'0.0', 'pol':Polarizability(noniso =[ [0.729129069339,0.444104715334,2.17092081918e-05], [0.444104715334,0.271870930013,1.32410064783e-05], [2.17092081918e-05, 1.32410064783e-05, 0.00100000064726 ]])}
{'elname':'single', 'pos':Position([ 1.15823962181288233884, 1.46509430111501402554, .82988363822175256228]), 'crg':'0.0', 'pol':Polarizability(noniso =[ [0.00152155565694,0.0137390770924,0.0182208628124], [0.0137390770924,0.362921564536,0.479982980798], [0.0182208628124, 0.479982980798, 0.637556879807 ]])}
{'elname':'single', 'pos':Position([ 1.15826040880068151084, 1.46505650659174280373, -.82998662829766664172]), 'crg':'0.0', 'pol':Polarizability(noniso =[ [0.00152064465437,0.013726261574,-0.0182055673371], [0.013726261574,0.362878788565,-0.479971084448], [-0.0182055673371, -0.479971084448, 0.63760056678 ]])}
{'elname':'single', 'pos':Position([ 2.42450638462881620749, .09259374742524810215, -.00000850376773602491]), 'crg':'0.0', 'pol':Polarizability(noniso =[ [0.734928564034,0.441070853793,-1.73015143417e-05], [0.441070853793,0.266071435558,-1.03977336168e-05], [-1.73015143417e-05, -1.03977336168e-05, 0.00100000040786 ]])}
{'elname':'single', 'pos':Position([ 3.69175769477596540440, -1.28001074120351368123, -.82992710192351446736]), 'crg':'0.0', 'pol':Polarizability(noniso =[ [0.00156556680995,0.0143079287839,0.0189727317811], [0.0143079287839,0.362967538556,0.479979536254], [0.0189727317811, 0.479979536254, 0.637466894635 ]])}
{'elname':'single', 'pos':Position([ 3.69174257696665691567, -1.27997672613256958160, .82999418720232088608]), 'crg':'0.0', 'pol':Polarizability(noniso =[ [0.00156487634204,0.0142984216145,-0.0189617383102], [0.0142984216145,0.362928523913,-0.47996863867], [-0.0189617383102, -0.47996863867, 0.637506599745 ]])}
{'elname':'single', 'pos':Position([ 4.84933591243160136150, .18454309822872187237, .00001417294622670817]), 'crg':'0.0', 'pol':Polarizability(noniso =[ [0.665599308082,-0.471425994677,3.71785386584e-06], [-0.471425994677,0.335400691897,-2.63721754665e-06], [3.71785386584e-06, -2.63721754665e-06, 0.0010000000208 ]])}
{'elname':'single', 'pos':Position([ 6.00765395788027148561, 1.64808593416345224245, .82955766045853827413]), 'crg':'0.0', 'pol':Polarizability(noniso =[ [0.00153321441169,0.013882824246,0.0184299774994], [0.013882824246,0.362454613414,0.479844754513], [0.0184299774994, 0.479844754513, 0.638012172174 ]])}
{'elname':'single', 'pos':Position([ 6.00765679246951682725, 1.64807648553263443700, -.82955010155388402977]), 'crg':'0.0', 'pol':Polarizability(noniso =[ [0.00153308817324,0.0138809670397,-0.0184279585443], [0.0138809670397,0.362443482765,-0.479841605952], [-0.0184279585443, -0.479841605952, 0.638023429062 ]])}
{'elname':'single', 'pos':Position([ 7.26759580722676638373, .26937479543714279451, .00001417294622670817]), 'crg':'0.0', 'pol':Polarizability(noniso =[ [0.729129069796,0.444104715612,-3.89652454969e-06], [0.444104715612,0.271870930183,-2.37659090785e-06], [-3.89652454969e-06, -2.37659090785e-06, 0.00100000002085 ]])}
{'elname':'single', 'pos':Position([ -8.57013775347841894926, 1.09405601753061167412, -.83584099995237890068]), 'crg':'0.0', 'pol':Polarizability(noniso =[ [0.00512293788325,0.0377374545246,-0.0517465057234], [0.0377374545246,0.34641278921,-0.47363832826], [-0.0517465057234, -0.47363832826, 0.650464272906 ]])}
{'elname':'single', 'pos':Position([ -9.32956673114412336736, -.14057578444422775584, .00002834589245341635]), 'crg':'0.0', 'pol':Polarizability(noniso =[ [0.636272814727,-0.480693241441,-2.03465885627e-05], [-0.480693241441,0.364727184621,1.53956967491e-05], [-2.03465885627e-05, 1.53956967491e-05, 0.00100000065166 ]])}
{'elname':'single', 'pos':Position([ -8.57013680861533716872, 1.09398420793639635267, .83600351640244515447]), 'crg':'0.0', 'pol':Polarizability(noniso =[ [0.00512281786742,0.0377324460486,0.0517490090492], [0.0377324460486,0.346331161986,0.473612164012], [0.0517490090492, 0.473612164012, 0.650546020147 ]])}
{'elname':'single', 'pos':Position([ 8.57013869834150072981, -1.09402294732274935503, -.83589958146344929449]), 'crg':'0.0', 'pol':Polarizability(noniso =[ [0.00512305149853,0.0377359118085,0.051748718374], [0.0377359118085,0.346375031218,0.473626165829], [0.051748718374, 0.473626165829, 0.650501917284 ]])}
{'elname':'single', 'pos':Position([ 9.32956673114412336736, .14057578444422775584, .00001984212471739144]), 'crg':'0.0', 'pol':Polarizability(noniso =[ [0.636272815141,-0.480693241754,7.26663877713e-07], [-0.480693241754,0.364727184858,-5.49846312826e-07], [7.26663877713e-07, -5.49846312826e-07, 0.00100000000083 ]])}
{'elname':'single', 'pos':Position([ 8.57013586375225538817, -1.09401727814425867176, .83594493489137476066]), 'crg':'0.0', 'pol':Polarizability(noniso =[ [0.00512270427041,0.0377339888767,-0.0517467966071], [0.0377339888767,0.346368918834,-0.47362432993], [-0.0517467966071, -0.47362432993, 0.650508376896 ]])}
