{'elname':'C', 'pos':Position([ 9.13390448416900803738, .72240451780613374877, -.00009259658201449344]), 'crg':0., 'pol':Polarizability(iso=1.0)}
{'elname':'H', 'pos':Position([ 9.11454046017099754108, 2.78457575269682820801, -.00014550891459420398]), 'crg':0., 'pol':Polarizability(iso=1.0)}
{'elname':'C', 'pos':Position([ 4.46328375447770614455, .70421023430336756761, -.00016251645006625379]), 'crg':0., 'pol':Polarizability(iso=1.0)}
{'elname':'H', 'pos':Position([ 4.45225153313483649711, 2.76598651642587775890, -.00034015070944099632]), 'crg':0., 'pol':Polarizability(iso=1.0)}
{'elname':'C', 'pos':Position([ 11.68214163422006843832, -.51065881145294997592, -.00000377945232712218]), 'crg':0., 'pol':Polarizability(iso=1.0)}
{'elname':'H', 'pos':Position([ 11.53072165618624536355, -2.57470843415022415931, .00020975960415528106]), 'crg':0., 'pol':Polarizability(iso=1.0)}
{'elname':'H', 'pos':Position([ 12.79289999644731481250, .05177471742924676271, -1.66259052733186539404]), 'crg':0., 'pol':Polarizability(iso=1.0)}
{'elname':'H', 'pos':Position([ 12.79291133480429617904, .05210730923403351467, 1.66246202595274323988]), 'crg':0., 'pol':Polarizability(iso=1.0)}
{'elname':'C', 'pos':Position([ 6.90766911348410324556, -.51333277397438891925, -.00017574453321118143]), 'crg':0., 'pol':Polarizability(iso=1.0)}
{'elname':'H', 'pos':Position([ 6.91331939471315090672, -2.57589707190710408536, -.00001322808314492763]), 'crg':0., 'pol':Polarizability(iso=1.0)}
{'elname':'C', 'pos':Position([ 2.21925661196287368390, -.54019145193708270121, -.00007369932037888253]), 'crg':0., 'pol':Polarizability(iso=1.0)}
{'elname':'H', 'pos':Position([ 2.23106362103280337852, -2.60195828542877508705, -.00000944863081780545]), 'crg':0., 'pol':Polarizability(iso=1.0)}
{'elname':'C', 'pos':Position([ -.21084430697316513258, .67393115198462821149, -.00025133357975362506]), 'crg':0., 'pol':Polarizability(iso=1.0)}
{'elname':'H', 'pos':Position([ -.22182550570961863058, 2.73580569986764357950, -.00113572542430021550]), 'crg':0., 'pol':Polarizability(iso=1.0)}
{'elname':'C', 'pos':Position([ -2.46116045816032890305, -.56745264157261499550, .00063683771712008756]), 'crg':0., 'pol':Polarizability(iso=1.0)}
{'elname':'H', 'pos':Position([ -2.45410233093942822933, -2.62897003121071731737, .00153823709713872782]), 'crg':0., 'pol':Polarizability(iso=1.0)}
{'elname':'C', 'pos':Position([ -4.88745924805528280507, .65532868763053283474, .00051022606416149448]), 'crg':0., 'pol':Polarizability(iso=1.0)}
{'elname':'H', 'pos':Position([ -4.88871780568021449147, 2.71746590745028319436, .00057069730139544938]), 'crg':0., 'pol':Polarizability(iso=1.0)}
{'elname':'C', 'pos':Position([ -7.13944969662336170190, -.57274765428291317161, .00031180481698757996]), 'crg':0., 'pol':Polarizability(iso=1.0)}
{'elname':'H', 'pos':Position([ -7.15203338314651500480, -2.63406284322151445678, .00022487741346376979]), 'crg':0., 'pol':Polarizability(iso=1.0)}
{'elname':'C', 'pos':Position([ -9.57111341909666554038, .67669960081424520935, .00021164933031884215]), 'crg':0., 'pol':Polarizability(iso=1.0)}
{'elname':'H', 'pos':Position([ -9.53865170305901312452, 2.73759149109220881020, .00103179048530435551]), 'crg':0., 'pol':Polarizability(iso=1.0)}
{'elname':'C', 'pos':Position([ -11.81163134012576505563, -.52198583007733515351, -.00079935416718634136]), 'crg':0., 'pol':Polarizability(iso=1.0)}
{'elname':'H', 'pos':Position([ -13.58634498992020064356, .50692471255375326072, -.00081636170265839117]), 'crg':0., 'pol':Polarizability(iso=1.0)}
{'elname':'H', 'pos':Position([ -11.93361316398363345964, -2.57385994710278522959, -.00164784121462527108]), 'crg':0., 'pol':Polarizability(iso=1.0)}
{'elname':'single', 'pos':Position([ 9.12422247217000278923, 1.75349013525148097839, -.00011905274830434871]), 'crg':'0.0', 'pol':Polarizability(noniso =[ [0.00108807830963,0.00937989730606,-2.40674604235e-07], [0.00937989730606,0.999911921033,-2.56306357538e-05], [-2.40674604235e-07, -2.56306357538e-05, 0.00100000065765 ]])}
{'elname':'single', 'pos':Position([ 10.40802305919453823785, .10587285317659188642, -.00004818801717080781]), 'crg':'0.0', 'pol':Polarizability(noniso =[ [0.810465093135,0.391691064797,-2.82133733718e-05], [0.391691064797,0.190534905882,-1.36521344172e-05], [-2.82133733718e-05, -1.36521344172e-05, 0.00100000098336 ]])}
{'elname':'double', 'pos':Position([ 8.02078679882655564147, .10453587191587241476, -.00013417055761283743]), 'crg':'0.0', 'pol':Polarizability(noniso =[ [0.764695438119,-0.42391157057,-2.85233591443e-05], [-0.42391157057,0.236304560816,1.58327277725e-05], [-2.85233591443e-05, 1.58327277725e-05, 0.00100000106532 ]])}
{'elname':'single', 'pos':Position([ 4.45776764380627132083, 1.73509837536462266325, -.00025133357975362505]), 'crg':'0.0', 'pol':Polarizability(noniso =[ [0.00102860196727,0.00534532945793,-4.60531847032e-07], [0.00534532945793,0.999971390618,-8.60673122722e-05], [-4.60531847032e-07, -8.60673122722e-05, 0.00100000741521 ]])}
{'elname':'single', 'pos':Position([ 5.68547643398090469505, .09543873016448932418, -.00016913049163871761]), 'crg':'0.0', 'pol':Polarizability(noniso =[ [0.801415713566,0.398685318654,4.33154517578e-06], [0.398685318654,0.19958428641,2.15753319107e-06], [4.33154517578e-06, 2.15753319107e-06, 0.00100000002344 ]])}
{'elname':'double', 'pos':Position([ 3.34127018322028991422, .08200939118314243320, -.00011810788522256816]), 'crg':'0.0', 'pol':Polarizability(noniso =[ [0.765045323013,-0.423693310258,3.0240415214e-05], [-0.423693310258,0.23595467579,-1.67695046873e-05], [3.0240415214e-05, -1.67695046873e-05, 0.0010000011969 ]])}
{'elname':'single', 'pos':Position([ 11.60643164520315690093, -1.54268362280158706761, .00010299007591407944]), 'crg':'0.0', 'pol':Polarizability(noniso =[ [0.0063476202816,-0.0728949625267,7.54144733203e-06], [-0.0728949625267,0.994652369083,-0.000102799655121], [7.54144733203e-06, -0.000102799655121, 0.00100001063528 ]])}
{'elname':'single', 'pos':Position([ 12.23752081533369162541, -.22944204701185160660, -.83129715339209625811]), 'crg':'0.0', 'pol':Polarizability(noniso =[ [0.286688851092,-0.144658815226,0.427620006291], [-0.144658815226,0.0742481255134,-0.21652578755], [0.427620006291, -0.21652578755, 0.641063023394 ]])}
{'elname':'single', 'pos':Position([ 12.23752648451218230868, -.22927575110945823062, .83122912325020805885]), 'crg':'0.0', 'pol':Polarizability(noniso =[ [0.286694863691,-0.14474592713,-0.42759353394], [-0.14474592713,0.0743348270606,0.216638205201], [-0.42759353394, 0.216638205201, 0.640970309249 ]])}
{'elname':'single', 'pos':Position([ 6.91049425409862707614, -1.54461492294074650230, -.00009448630817805453]), 'crg':'0.0', 'pol':Polarizability(noniso =[ [0.00100749699745,0.00273668489185,-2.15632702466e-07], [0.00273668489185,0.9999924968,-7.87140136119e-05], [-2.15632702466e-07, -7.87140136119e-05, 0.00100000620214 ]])}
{'elname':'single', 'pos':Position([ 2.22516011649783853121, -1.57107486868292889413, -.00004157397559834399]), 'crg':'0.0', 'pol':Polarizability(noniso =[ [0.00103276060709,0.0057207318757,-1.78274750489e-07], [0.0057207318757,0.999967238423,-3.11307432417e-05], [-1.78274750489e-07, -3.11307432417e-05, 0.00100000097013 ]])}
{'elname':'single', 'pos':Position([ 1.00420615249485427566, .06686985002377275514, -.00016251645006625379]), 'crg':'0.0', 'pol':Polarizability(noniso =[ [0.800444096871,0.399416806528,-5.8437350874e-05], [0.399416806528,0.200555898857,-2.91963630221e-05], [-5.8437350874e-05, -2.91963630221e-05, 0.00100000427162 ]])}
{'elname':'single', 'pos':Position([ -.21633490634139188158, 1.70486842592613589549, -.00069352950202692028]), 'crg':'0.0', 'pol':Polarizability(noniso =[ [0.00102833531973,0.00532035490471,-2.28203917287e-06], [0.00532035490471,0.999971480892,-0.000428484958768], [-2.28203917287e-06, -0.000428484958768, 0.00100018378839 ]])}
{'elname':'double', 'pos':Position([ -1.33600238256674701781, .05323925520600660799, .00019275206868323125]), 'crg':'0.0', 'pol':Polarizability(noniso =[ [0.7669184812,-0.422517871209,0.000302298328343], [-0.422517871209,0.234081399487,-0.000166762454878], [0.000302298328343, -0.000166762454878, 0.00100011931332 ]])}
{'elname':'single', 'pos':Position([ -2.45763139454987856619, -1.59821133639166615643, .00108753740712940769]), 'crg':'0.0', 'pol':Polarizability(noniso =[ [0.00101171022591,0.00342028892349,-1.49552282732e-06], [0.00342028892349,0.99998809878,-0.000436807982999], [-1.49552282732e-06, -0.000436807982999, 0.00100019099448 ]])}
{'elname':'single', 'pos':Position([ -3.67430985310780585406, .04393802302895891962, .00057353189064079102]), 'crg':'0.0', 'pol':Polarizability(noniso =[ [0.797659886555,0.401492528068,-4.15721367469e-05], [0.401492528068,0.203340111276,-2.09511016701e-05], [-4.15721367469e-05, -2.09511016701e-05, 0.00100000216936 ]])}
{'elname':'single', 'pos':Position([ -4.88808852686774864827, 1.68639729754040801455, .00054046168277847193]), 'crg':'0.0', 'pol':Polarizability(noniso =[ [0.00100037211435,0.000609706563566,1.7879368014e-08], [0.000609706563566,0.999999627027,2.92952102614e-05], [1.7879368014e-08, 2.92952102614e-05, 0.00100000085907 ]])}
{'elname':'double', 'pos':Position([ -6.01345447233932225348, .04129051667380983156, .00041101544057453722]), 'crg':'0.0', 'pol':Polarizability(noniso =[ [0.771011015509,-0.419909556792,-6.78451128121e-05], [-0.419909556792,0.229988978514,3.69979268837e-05], [-6.78451128121e-05, 3.69979268837e-05, 0.00100000597778 ]])}
{'elname':'single', 'pos':Position([ -7.14574153988493835335, -1.60340524875221381419, .00026834111522567487]), 'crg':'0.0', 'pol':Polarizability(noniso =[ [0.00103722856341,-0.00609835623837,-2.5717283626e-07], [-0.00609835623837,0.99996276966,4.21271042146e-05], [-2.5717283626e-07, 4.21271042146e-05, 0.00100000177654 ]])}
{'elname':'single', 'pos':Position([ -8.35528155786001362114, .05197597326566601887, .00026172707365321105]), 'crg':'0.0', 'pol':Polarizability(noniso =[ [0.791338637096,0.406094984101,-3.25525071991e-05], [0.406094984101,0.209661361563,-1.67262604572e-05], [-3.25525071991e-05, -1.67262604572e-05, 0.00100000134077 ]])}
{'elname':'single', 'pos':Position([ -9.55488256107783933245, 1.70714554595322700977, .00062171990781159883]), 'crg':'0.0', 'pol':Polarizability(noniso =[ [0.00124779367185,-0.0157316380992,-6.26047581696e-06], [-0.0157316380992,0.999752048158,0.000397457849286], [-6.26047581696e-06, 0.000397457849286, 0.00100015817013 ]])}
{'elname':'double', 'pos':Position([ -10.69137237961121529800, .07735688536845502792, -.00029385241843374960]), 'crg':'0.0', 'pol':Polarizability(noniso =[ [0.777688951926,-0.41553148148,-0.000350470415568], [-0.41553148148,0.223310889929,0.000187502977395], [-0.000350470415568, 0.000187502977395, 0.00100015814505 ]])}
{'elname':'single', 'pos':Position([ -12.69898816502298284959, -.00753055876179094639, -.00080785793492236626]), 'crg':'0.0', 'pol':Polarizability(noniso =[ [0.748685470951,0.433479205912,-7.16526137645e-06], [0.433479205912,0.252314528981,-4.15414225939e-06], [-7.16526137645e-06, -4.15414225939e-06, 0.00100000006867 ]])}
{'elname':'single', 'pos':Position([ -11.87262225205469925763, -1.54792288859006019155, -.00122359769090580622]), 'crg':'0.0', 'pol':Polarizability(noniso =[ [0.00451821246932,-0.0591803670061,-2.44721518005e-05], [-0.0591803670061,0.996481617306,0.000411649648114], [-2.44721518005e-05, 0.000411649648114, 0.00100017022457 ]])}
