{'elname':'single', 'pos':Position([ -3.34214796102326404085, -1.84767975642185642162, -.00001889726163561091]), 'crg':'0.0', 'pol':Polarizability(noniso =[ [0.00533970816422,0.0657003452904,4.22250353051e-06], [0.0657003452904,0.995660287727,6.39259437378e-05], [4.22250353051e-06, 6.39259437378e-05, 0.00100000410846 ]])}
{'elname':'single', 'pos':Position([ -4.71934259450331571352, -.27685433159251759146, -.00005102260641614945]), 'crg':'0.0', 'pol':Polarizability(noniso =[ [0.853970153825,0.352929307732,-6.40212237565e-05], [0.352929307732,0.147029841369,-2.64897500565e-05], [-6.40212237565e-05, -2.64897500565e-05, 0.00100000480523 ]])}
{'elname':'double', 'pos':Position([ -2.33740796088720375707, -.13978587890785921993, .00012094247446790980]), 'crg':'0.0', 'pol':Polarizability(noniso =[ [0.714371892871,-0.451396788909,-4.90111173155e-05], [-0.451396788909,0.286628103762,3.10125212364e-05], [-4.90111173155e-05, 3.10125212364e-05, 0.00100000336723 ]])}
{'elname':'single', 'pos':Position([ 1.32518936945885045689, -1.56894231270735020329, .00012094247446790980]), 'crg':'0.0', 'pol':Polarizability(noniso =[ [0.00443846116546,0.0585081160468,6.76439712165e-06], [0.0585081160468,0.996561525527,0.000115101527322], [6.76439712165e-06, 0.000115101527322, 0.00100001330743 ]])}
{'elname':'single', 'pos':Position([ -.00000944863081780545, -.00010676952824120162, .00021731850880952542]), 'crg':'0.0', 'pol':Polarizability(noniso =[ [0.846386820185,0.360364478539,-1.51584284917e-05], [0.360364478539,0.154613179544,-6.46160911013e-06], [-1.51584284917e-05, -6.46160911013e-06, 0.0010000002718 ]])}
{'elname':'double', 'pos':Position([ 2.33734937937613336326, .13961769327930228286, .00015590240849378997]), 'crg':'0.0', 'pol':Polarizability(noniso =[ [0.714329543877,-0.451416850636,5.59216904892e-05], [-0.451416850636,0.286670451739,-3.5388963796e-05], [5.59216904892e-05, -3.5388963796e-05, 0.001000004384 ]])}
{'elname':'single', 'pos':Position([ -6.01216189964344646745, 1.29969318406008422131, -.00027117570447101651]), 'crg':'0.0', 'pol':Polarizability(noniso =[ [0.00125081195066,-0.0158271358307,1.86418193337e-06], [-0.0158271358307,0.999749174194,-0.000117636582286], [1.86418193337e-06, -0.000117636582286, 0.0010000138557 ]])}
{'elname':'single', 'pos':Position([ -6.56690424303994956698, -.04697859242612871454, -.83163352464921013225]), 'crg':'0.0', 'pol':Polarizability(noniso =[ [0.269470390476,-0.15551037979,-0.414659006052], [-0.15551037979,0.0910787538608,0.240189539712], [-0.414659006052, 0.240189539712, 0.641450855664 ]])}
{'elname':'single', 'pos':Position([ -6.56693164406932120280, -.04682457974379848565, .83135195545083952974]), 'crg':'0.0', 'pol':Polarizability(noniso =[ [0.269507242502,-0.155446997847,0.414703299774], [-0.155446997847,0.0909929883254,-0.240084335702], [0.414703299774, -0.240084335702, 0.641499769172 ]])}
{'elname':'single', 'pos':Position([ -1.32518747973268689580, 1.56872593906162245841, .00016251645006625379]), 'crg':'0.0', 'pol':Polarizability(noniso =[ [0.00443612641893,0.0584883178457,-1.82470087533e-06], [0.0584883178457,0.996563872612,-3.10593010145e-05], [-1.82470087533e-06, -3.10593010145e-05, 0.00100000096898 ]])}
{'elname':'single', 'pos':Position([ 3.34198260998395244541, 1.84755692422122495073, -.00003495993402588018]), 'crg':'0.0', 'pol':Polarizability(noniso =[ [0.00534824071103,0.0657646198687,-6.82299553345e-06], [0.0657646198687,0.995651748583,-0.000103193851823], [-6.82299553345e-06, -0.000103193851823, 0.00100001070623 ]])}
{'elname':'single', 'pos':Position([ 4.71933125614633434698, .27690818878817908254, -.00004346370176190508]), 'crg':'0.0', 'pol':Polarizability(noniso =[ [0.854068031224,0.352831250962,7.51054512956e-05], [0.352831250962,0.146931962164,3.10638183178e-05], [7.51054512956e-05, 3.10638183178e-05, 0.0010000066124 ]])}
{'elname':'single', 'pos':Position([ 6.56679936323787192645, .04715150237009455434, -.83175919143908694478]), 'crg':'0.0', 'pol':Polarizability(noniso =[ [0.26929961173,-0.155434838365,0.414592138718], [-0.155434838365,0.091048542455,-0.240186937481], [0.414592138718, -0.240186937481, 0.641651845815 ]])}
{'elname':'single', 'pos':Position([ 6.56704786222838020988, .04726961025531712251, .83123951674410764485]), 'crg':'0.0', 'pol':Polarizability(noniso =[ [0.269546218636,-0.155564809671,-0.414680830116], [-0.155564809671,0.0911163685369,0.240218405378], [-0.414680830116, 0.240218405378, 0.641337412827 ]])}
{'elname':'single', 'pos':Position([ 6.01249071199590609723, -1.29947586555127469588, -.00008220308811490744]), 'crg':'0.0', 'pol':Polarizability(noniso =[ [0.00124312166339,-0.0155826644787,1.15243766003e-06], [-0.0155826644787,0.999756872874,-7.38644559209e-05], [1.15243766003e-06, -7.38644559209e-05, 0.00100000546275 ]])}
