{'elname':'single', 'pos':Position([ -1.66380940070736229754, -.01836057940515955714, -1.06630160936638993516]), 'crg':'0.0', 'pol':Polarizability(noniso =[ [0.979807850115,-0.140092531128,0.0117608477581], [-0.140092531128,0.0210508376344,-0.00168327923653], [0.0117608477581, -0.00168327923653, 0.00114131225038 ]])}
{'elname':'pi', 'pos':Position([ -.07485016361249124112, .46271834840956866621, -2.33581964604673066035]), 'crg':'0.0', 'pol':Polarizability(noniso =[ [0.160699350342,-0.0942334111505,0.35377370269], [-0.0942334111505,0.0566040820332,-0.208750396971], [0.35377370269, -0.208750396971, 0.784696567625 ]])}
{'elname':'pi', 'pos':Position([ 0, 0, 0]), 'crg':'0.0', 'pol':Polarizability(noniso =[ [0.259899984269,0.0515189179114,-0.434692631094], [0.0515189179114,0.01125183107,-0.0865001751207], [-0.434692631094, -0.0865001751207, 0.730848184661 ]])}
{'elname':'single', 'pos':Position([ -.08330385360518178031, -1.67326748015598555644, 3.97167999679502442659]), 'crg':'0.0', 'pol':Polarizability(noniso =[ [0.156354720799,0.332296754843,-0.143677219923], [0.332296754843,0.711767801009,-0.307319106106], [-0.143677219923, -0.307319106106, 0.133877478191 ]])}
{'elname':'single', 'pos':Position([ -.31178969917827147503, -.05792388636547455181, 4.29860734740650201860]), 'crg':'0.0', 'pol':Polarizability(noniso =[ [0.0313371217623,-0.124044408816,-0.11831917987], [-0.124044408816,0.508200896615,0.483791205824], [-0.11831917987, 0.483791205824, 0.462461981623 ]])}
{'elname':'single', 'pos':Position([ -1.51716948500426700167, -.92858403574454832898, 3.52423630496552005641]), 'crg':'0.0', 'pol':Polarizability(noniso =[ [0.979587739791,-0.125110846076,-0.0657454468113], [-0.125110846076,0.0169952175666,0.00840544811851], [-0.0657454468113, 0.00840544811851, 0.00541704264284 ]])}
{'elname':'pi', 'pos':Position([ .07485016361249124112, -.46271834840956866621, 2.33581964604673066035]), 'crg':'0.0', 'pol':Polarizability(noniso =[ [0.160699350342,-0.0942334111505,0.35377370269], [-0.0942334111505,0.0566040820332,-0.208750396971], [0.35377370269, -0.208750396971, 0.784696567625 ]])}
{'elname':'single', 'pos':Position([ 1.51716948500426700167, .92858403574454832898, -3.52423630496552005641]), 'crg':'0.0', 'pol':Polarizability(noniso =[ [0.979587739791,-0.125110846076,-0.0657454468113], [-0.125110846076,0.0169952175666,0.00840544811851], [-0.0657454468113, 0.00840544811851, 0.00541704264284 ]])}
{'elname':'single', 'pos':Position([ .31178969917827147503, .05792388636547455181, -4.29860734740650201860]), 'crg':'0.0', 'pol':Polarizability(noniso =[ [0.0313371217623,-0.124044408816,-0.11831917987], [-0.124044408816,0.508200896615,0.483791205824], [-0.11831917987, 0.483791205824, 0.462461981623 ]])}
{'elname':'single', 'pos':Position([ .08330385360518178031, 1.67326748015598555644, -3.97167999679502442659]), 'crg':'0.0', 'pol':Polarizability(noniso =[ [0.156354720799,0.332296754843,-0.143677219923], [0.332296754843,0.711767801009,-0.307319106106], [-0.143677219923, -0.307319106106, 0.133877478191 ]])}
{'elname':'single', 'pos':Position([ 1.66380940070736229754, .01836057940515955714, 1.06630160936638993516]), 'crg':'0.0', 'pol':Polarizability(noniso =[ [0.979807850115,-0.140092531128,0.0117608477581], [-0.140092531128,0.0210508376344,-0.00168327923653], [0.0117608477581, -0.00168327923653, 0.00114131225038 ]])}
