{'elname':'C', 'pos':Position([ 2.42561281929758122609, -.65104656814390340324, -.00001133835698136654]), 'crg':-0.3754350, 'pol':Polarizability(iso=1.0)}
{'elname':'H', 'pos':Position([ 2.42728711667849635245, -1.90343234742539928024, -1.65999782303545957762]), 'crg':0.1872400, 'pol':Polarizability(iso=1.0)}
{'elname':'H', 'pos':Position([ 2.42727766804767854699, -1.90344935496087133005, 1.65996380796451547799]), 'crg':0.1872400, 'pol':Polarizability(iso=1.0)}
{'elname':'C', 'pos':Position([ 0, .93647836679282478534, -.00000944863081780545]), 'crg':-0.2662740, 'pol':Polarizability(iso=1.0)}
{'elname':'H', 'pos':Position([ .00000188972616356109, 2.18853533372186103256, 1.66003561755873079943]), 'crg':0.1875530, 'pol':Polarizability(iso=1.0)}
{'elname':'H', 'pos':Position([ -.00000188972616356109, 2.18854289262651527692, -1.66004884564187572707]), 'crg':0.1875530, 'pol':Polarizability(iso=1.0)}
{'elname':'C', 'pos':Position([ 4.85245396060147716114, .93497603449279371824, .00000188972616356109]), 'crg':-0.2615560, 'pol':Polarizability(iso=1.0)}
{'elname':'H', 'pos':Position([ 4.85188515302624527285, 2.18535492458858771693, 1.65917579215431050317]), 'crg':0.1859840, 'pol':Polarizability(iso=1.0)}
{'elname':'H', 'pos':Position([ 4.85190027083555376157, 2.18535870404091483911, -1.65916823324965625881]), 'crg':0.1859850, 'pol':Polarizability(iso=1.0)}
{'elname':'C', 'pos':Position([ -2.42561281929758122609, -.65104656814390340324, -.00001133835698136654]), 'crg':-0.3754350, 'pol':Polarizability(iso=1.0)}
{'elname':'H', 'pos':Position([ -2.42727766804767854699, -1.90344935496087133005, 1.65996191823835191690]), 'crg':0.1872400, 'pol':Polarizability(iso=1.0)}
{'elname':'H', 'pos':Position([ -2.42728711667849635245, -1.90343234742539928024, -1.65999782303545957762]), 'crg':0.1872400, 'pol':Polarizability(iso=1.0)}
{'elname':'C', 'pos':Position([ -4.85245396060147716114, .93497603449279371824, .00000566917849068327]), 'crg':-0.2615560, 'pol':Polarizability(iso=1.0)}
{'elname':'H', 'pos':Position([ -4.85189838110939020048, 2.18536248349324196129, -1.65916256407116557553]), 'crg':0.1859850, 'pol':Polarizability(iso=1.0)}
{'elname':'H', 'pos':Position([ -4.85188515302624527285, 2.18534925541009703365, 1.65918146133280118644]), 'crg':0.1859840, 'pol':Polarizability(iso=1.0)}
{'elname':'C', 'pos':Position([ -7.26417918232304793177, -.66718671930687867882, .00000944863081780545]), 'crg':-0.7285490, 'pol':Polarizability(iso=1.0)}
{'elname':'H', 'pos':Position([ -7.35033557757212517848, -1.89037433963519214357, 1.67169144853557560680]), 'crg':0.1875130, 'pol':Polarizability(iso=1.0)}
{'elname':'H', 'pos':Position([ -8.96258002045439599438, .51847471886543864701, .00002456644012629417]), 'crg':0.1896470, 'pol':Polarizability(iso=1.0)}
{'elname':'H', 'pos':Position([ -7.35035258510759722830, -1.89035733209972009376, -1.67168199990475780135]), 'crg':0.1875130, 'pol':Polarizability(iso=1.0)}
{'elname':'C', 'pos':Position([ 7.26417918232304793177, -.66718671930687867882, .00001133835698136654]), 'crg':-0.7285490, 'pol':Polarizability(iso=1.0)}
{'elname':'H', 'pos':Position([ 7.35034880565527010611, -1.89036678073053789921, -1.67167444100010355699]), 'crg':0.1875130, 'pol':Polarizability(iso=1.0)}
{'elname':'H', 'pos':Position([ 8.96258002045439599438, .51847471886543864701, .00001322808314492763]), 'crg':0.1896470, 'pol':Polarizability(iso=1.0)}
{'elname':'H', 'pos':Position([ 7.35034124675061586175, -1.89036300127821077703, 1.67170089716639341226]), 'crg':0.1875130, 'pol':Polarizability(iso=1.0)}
{'elname':'single', 'pos':Position([ 2.42644996798803878927, -1.27723945778465134174, -.83000458069622047208]), 'crg':'0.0', 'pol':Polarizability(noniso =[ [0.0010006476527,0.000484448604098,0.000642116948809], [0.000484448604098,0.363370836556,0.480307826131], [0.000642116948809, 0.480307826131, 0.637628515792 ]])}
{'elname':'single', 'pos':Position([ 2.42644524367262988654, -1.27724796155238736664, .82997623480376705572]), 'crg':'0.0', 'pol':Polarizability(noniso =[ [0.00100064036274,0.000481720688471,-0.000638488175488], [0.000481720688471,0.363380265879,-0.480310520871], [-0.000638488175488, -0.480310520871, 0.637619093758 ]])}
{'elname':'single', 'pos':Position([ 1.21280640964879061304, .14271589932446069105, -.00001039349389958599]), 'crg':'0.0', 'pol':Polarizability(noniso =[ [0.700408707174,0.457751852859,5.44889490382e-07], [0.457751852859,0.300591292825,3.56621487932e-07], [5.44889490382e-07, 3.56621487932e-07, 0.00100000000042 ]])}
{'elname':'single', 'pos':Position([ 3.63903338994952919361, .14196473317444515750, -.00000472431540890272]), 'crg':'0.0', 'pol':Polarizability(noniso =[ [0.701017897892,-0.457485325022,-3.81561644009e-06], [-0.457485325022,0.299982102088,2.4936341378e-06], [-3.81561644009e-06, 2.4936341378e-06, 0.0010000000208 ]])}
{'elname':'single', 'pos':Position([ .00000094486308178054, 1.56250685025734290895, .83001308446395649699]), 'crg':'0.0', 'pol':Polarizability(noniso =[ [0.00100000000083,-5.46718046545e-07,-7.24868452263e-07], [-5.46718046545e-07,0.363233509006,0.480268841848], [-7.24868452263e-07, 0.480268841848, 0.637766490993 ]])}
{'elname':'single', 'pos':Position([ -.00000094486308178054, 1.56251062970967003113, -.83002914713634676626]), 'crg':'0.0', 'pol':Polarizability(noniso =[ [0.00100000000083,5.46721334054e-07,-7.24865959374e-07], [5.46721334055e-07,0.363237873861,-0.480270089353], [-7.24865959374e-07, -0.480270089353, 0.637762126139 ]])}
{'elname':'single', 'pos':Position([ -1.21280640964879061304, .14271589932446069105, -.00001039349389958599]), 'crg':'0.0', 'pol':Polarizability(noniso =[ [0.700408707174,-0.457751852859,-5.44889490382e-07], [-0.457751852859,0.300591292825,3.56621487932e-07], [-5.44889490382e-07, 3.56621487932e-07, 0.00100000000042 ]])}
{'elname':'single', 'pos':Position([ 4.85216955681386121699, 1.56016547954069071758, .82958884094023703213]), 'crg':'0.0', 'pol':Polarizability(noniso =[ [0.00100007488314,0.000164611546058,0.000218429136497], [0.000164611546058,0.362856647519,0.480160942207], [0.000218429136497, 0.480160942207, 0.638143277598 ]])}
{'elname':'single', 'pos':Position([ 4.85217711571851546135, 1.56016736926685427867, -.82958317176174634886]), 'crg':'0.0', 'pol':Polarizability(noniso =[ [0.00100007095559,0.000160237088036,-0.000212623379656], [0.000160237088036,0.362859095526,-0.480161645428], [-0.000212623379656, -0.480161645428, 0.638140833518 ]])}
{'elname':'single', 'pos':Position([ 6.05831657146226254645, .13389465759295751971, .00000661404157246381]), 'crg':'0.0', 'pol':Polarizability(noniso =[ [0.694112688969,0.460450189122,-2.7154693471e-06], [0.460450189122,0.30688731102,-1.80394673814e-06], [-2.7154693471e-06, -1.80394673814e-06, 0.00100000001064 ]])}
{'elname':'single', 'pos':Position([ -2.42644524367262988654, -1.27724796155238736664, .82997528994068527518]), 'crg':'0.0', 'pol':Polarizability(noniso =[ [0.00100064036367,-0.000481721387407,0.00063848837502], [-0.000481721387407,0.363380791662,-0.480310670972], [0.00063848837502, -0.480310670972, 0.637618567974 ]])}
{'elname':'single', 'pos':Position([ -2.42644996798803878927, -1.27723945778465134174, -.83000458069622047208]), 'crg':'0.0', 'pol':Polarizability(noniso =[ [0.0010006476527,-0.000484448604098,-0.000642116948809], [-0.000484448604098,0.363370836556,0.480307826131], [-0.000642116948809, 0.480307826131, 0.637628515792 ]])}
{'elname':'single', 'pos':Position([ -3.63903338994952919361, .14196473317444515750, -.00000283458924534163]), 'crg':'0.0', 'pol':Polarizability(noniso =[ [0.701017897882,0.457485325016,4.90579256576e-06], [0.457485325016,0.299982102083,3.20610103427e-06], [4.90579256576e-06, 3.20610103427e-06, 0.00100000003438 ]])}
{'elname':'single', 'pos':Position([ -4.85217617085543368081, 1.56016925899301783976, -.82957844744633744613]), 'crg':'0.0', 'pol':Polarizability(noniso =[ [0.0010000714407,-0.000160784339723,0.000213348656398], [-0.000160784339723,0.362861016227,-0.48016219582], [0.000213348656398, -0.48016219582, 0.638138912332 ]])}
{'elname':'single', 'pos':Position([ -4.85216955681386121699, 1.56016264495144537594, .82959356525564593485]), 'crg':'0.0', 'pol':Polarizability(noniso =[ [0.00100007488327,-0.000164611101242,-0.000218429785389], [-0.000164611101242,0.362854029063,0.48016019159], [-0.000218429785389, 0.48016019159, 0.638145896054 ]])}
{'elname':'single', 'pos':Position([ -6.05831657146226254645, .13389465759295751971, .00000755890465424436]), 'crg':'0.0', 'pol':Polarizability(noniso =[ [0.694112688976,-0.460450189126,1.08618773885e-06], [-0.460450189126,0.306887311023,-7.21578695261e-07], [1.08618773885e-06, -7.21578695261e-07, 0.0010000000017 ]])}
{'elname':'single', 'pos':Position([ -7.30725737994758655512, -1.27878052947103541119, .83585044858319670612]), 'crg':'0.0', 'pol':Polarizability(noniso =[ [0.00272528489797,-0.0244943758689,0.0334754918693], [-0.0244943758689,0.348753840488,-0.475261379268], [0.0334754918693, -0.475261379268, 0.650520874614 ]])}
{'elname':'single', 'pos':Position([ -8.11337960138872196307, -.07435600022072001590, .00001700753547204981]), 'crg':'0.0', 'pol':Polarizability(noniso =[ [0.672664354626,0.46889197579,5.97862024357e-06], [0.46889197579,0.328335645321,4.1737022952e-06], [5.97862024357e-06, 4.1737022952e-06, 0.00100000005322 ]])}
{'elname':'single', 'pos':Position([ -7.30726588371532258003, -1.27877202570329938629, -.83583627563696999795]), 'crg':'0.0', 'pol':Polarizability(noniso =[ [0.00272596896341,-0.0244989108753,-0.0334823444745], [-0.0244989108753,0.348744743271,0.475258240771], [-0.0334823444745, 0.475258240771, 0.650529287766 ]])}
{'elname':'single', 'pos':Position([ 7.30726399398915901894, -1.27877675001870828901, -.83583155132156109522]), 'crg':'0.0', 'pol':Polarizability(noniso =[ [0.00272581616027,0.0244980056229,0.0334807351052], [0.0244980056229,0.34874983183,0.475259912238], [0.0334807351052, 0.475259912238, 0.65052435201 ]])}
{'elname':'single', 'pos':Position([ 8.11337960138872196307, -.07435600022072001590, .00001228322006314708]), 'crg':'0.0', 'pol':Polarizability(noniso =[ [0.672664354661,-0.468891975815,-7.47327530485e-07], [-0.468891975815,0.328335645338,5.21712786927e-07], [-7.47327530485e-07, 5.21712786927e-07, 0.00100000000083 ]])}
{'elname':'single', 'pos':Position([ 7.30726021453683189676, -1.27877486029254472792, .83585611776168738940]), 'crg':'0.0', 'pol':Polarizability(noniso =[ [0.00272551255406,0.0244957690416,-0.0334778575627], [0.0244957690416,0.348747513937,-0.475259287414], [-0.0334778575627, -0.475259287414, 0.650526973509 ]])}
