{'elname':'C', 'pos':Position([ 12.03787502560578951625, -.00898942736006010840, .00043841646994617303]), 'crg':0., 'pol':Polarizability(iso=1.0)}
{'elname':'H', 'pos':Position([ 12.78343246836787374815, .04946358233121154879, 1.93384749002791503488]), 'crg':0., 'pol':Polarizability(iso=1.0)}
{'elname':'H', 'pos':Position([ 12.78688688779486342193, 1.63363236360145524032, -1.01844145968495997182]), 'crg':0., 'pol':Polarizability(iso=1.0)}
{'elname':'H', 'pos':Position([ 12.77901995777595860139, -1.71524396742716806393, -.91430431998959894719]), 'crg':0., 'pol':Polarizability(iso=1.0)}
{'elname':'C', 'pos':Position([ 9.28976909813952679745, -.00297064952911803456, .00080124389334990245]), 'crg':0., 'pol':Polarizability(iso=1.0)}
{'elname':'C', 'pos':Position([ 6.98547102936407691034, -.00078612608404141372, .00006425068956107708]), 'crg':0., 'pol':Polarizability(iso=1.0)}
{'elname':'C', 'pos':Position([ 4.42690085665066446551, .00272687485401865386, -.00018141371170186470]), 'crg':0., 'pol':Polarizability(iso=1.0)}
{'elname':'C', 'pos':Position([ 2.10279656795493078688, .00650632718114083524, -.00092218636781781225]), 'crg':0., 'pol':Polarizability(iso=1.0)}
{'elname':'C', 'pos':Position([ -.43710877944098876520, .00987948838309738212, -.00148343503839545619]), 'crg':0., 'pol':Polarizability(iso=1.0)}
{'elname':'C', 'pos':Position([ -2.76545928282624421460, .00915761298861704548, -.00062738908630228210]), 'crg':0., 'pol':Polarizability(iso=1.0)}
{'elname':'C', 'pos':Position([ -5.30600713711777453752, .00784614303110564854, -.00033448153095031305]), 'crg':0., 'pol':Polarizability(iso=1.0)}
{'elname':'C', 'pos':Position([ -7.62841823117095747889, .00454290169720086201, .00113005624580953223]), 'crg':0., 'pol':Polarizability(iso=1.0)}
{'elname':'C', 'pos':Position([ -10.19077919456847347164, -.00199366110255695067, .00123021173247827003]), 'crg':0., 'pol':Polarizability(iso=1.0)}
{'elname':'C', 'pos':Position([ -12.48919643552292124452, -.01529544356786346804, -.00008503767736024908]), 'crg':0., 'pol':Polarizability(iso=1.0)}
{'elname':'H', 'pos':Position([ -14.50439474716597767250, -.03161511871637704723, -.00126611652958593076]), 'crg':0., 'pol':Polarizability(iso=1.0)}
{'elname':'single', 'pos':Position([ 12.41065374698683163220, .02023707748557572019, .96714295324893060395]), 'crg':'0.0', 'pol':Polarizability(noniso =[ [0.130219381773,-0.0101310259168,-0.335096815979], [-0.0101310259168,0.00179429018092,0.0262721774453], [-0.335096815979, 0.0262721774453, 0.869986328046 ]])}
{'elname':'single', 'pos':Position([ 12.41238095670032646909, .81232146812069756596, -.50900152160750689939]), 'crg':'0.0', 'pol':Polarizability(noniso =[ [0.131419650014,-0.286017044452,0.17740968276], [-0.286017044452,0.628250185906,-0.389068618991], [0.17740968276, -0.389068618991, 0.24233016408 ]])}
{'elname':'single', 'pos':Position([ 12.40844749169087405882, -.86211669739361408616, -.45693295175982638708]), 'crg':'0.0', 'pol':Polarizability(noniso =[ [0.128694025896,0.29397558017,0.157603698828], [0.29397558017,0.677786882784,0.362833252964], [0.157603698828, 0.362833252964, 0.19551909132 ]])}
{'elname':'single', 'pos':Position([ 10.66382206187265815685, -.00598003844458907148, .00061983018164803774]), 'crg':'0.0', 'pol':Polarizability(noniso =[ [0.999995190627,0.00218795427297,0.000131895516613], [0.00218795427297,0.00100479195891,2.8887162007e-07], [0.000131895516613, 2.8887162007e-07, 0.00100001741392 ]])}
{'elname':'triple', 'pos':Position([ 8.13762006375180185389, -.00187838780657972414, .00043274729145548976]), 'crg':'0.0', 'pol':Polarizability(noniso =[ [0.999998999964,0.000947072241445,-0.000319513991491], [0.000947072241445,0.00100089784457,-3.02906041052e-07], [-0.000319513991491, -3.02906041052e-07, 0.00100010219148 ]])}
{'elname':'single', 'pos':Position([ 5.70618594300737068792, .00097037438498862007, -.00005858151107039381]), 'crg':'0.0', 'pol':Polarizability(noniso =[ [0.99999810746,0.00137165723494,-9.59200863596e-05], [0.00137165723494,0.00100188333046,-1.31701431113e-07], [-9.59200863596e-05, -1.31701431113e-07, 0.00100000920989 ]])}
{'elname':'triple', 'pos':Position([ 3.26484871230279762619, .00461660101757974455, -.00055180003975983847]), 'crg':'0.0', 'pol':Polarizability(noniso =[ [0.999997256644,0.00162456673084,-0.000318415079244], [0.00162456673084,0.00100264186618,-5.17805770634e-07], [-0.000318415079244, -5.17805770634e-07, 0.00100010148993 ]])}
{'elname':'single', 'pos':Position([ .83284389425697101084, .00819290778211910868, -.00120281070310663422]), 'crg':'0.0', 'pol':Polarizability(noniso =[ [0.999998189229,0.00132673524078,-0.000220750905609], [0.00132673524078,0.00100176199158,-2.93171708482e-07], [-0.000220750905609, -2.93171708482e-07, 0.00100004877983 ]])}
{'elname':'triple', 'pos':Position([ -1.60128403113361648990, .00951855068585721380, -.00105541206234886914]), 'crg':'0.0', 'pol':Polarizability(noniso =[ [0.999999768933,-0.000309727144259,0.000367294231281], [-0.000309727144259,0.00100009602695,-1.13874894565e-07], [0.000367294231281, -1.13874894565e-07, 0.00100013504012 ]])}
{'elname':'single', 'pos':Position([ -4.03573320997200937606, .00850187800986134701, -.00048093530862629757]), 'crg':'0.0', 'pol':Polarizability(noniso =[ [0.999999720509,-0.000515699052325,0.000115177742234], [-0.000515699052325,0.0010002662118,-5.94565256623e-08], [0.000115177742234, -5.94565256623e-08, 0.0010000132792 ]])}
{'elname':'triple', 'pos':Position([ -6.46721268414436600820, .00619452236415325527, .00039778735742960959]), 'crg':'0.0', 'pol':Polarizability(noniso =[ [0.999997581726,-0.00142090696725,0.000629978775526], [-0.00142090696725,0.0010020210025,-8.96039437673e-07], [0.000629978775526, -8.96039437673e-07, 0.00100039727149 ]])}
{'elname':'single', 'pos':Position([ -8.90959871286971547526, .00127462029732195567, .00118013398914390113]), 'crg':'0.0', 'pol':Polarizability(noniso =[ [0.999993497462,-0.00254842460761,3.90478474136e-05], [-0.00254842460761,0.00100650101127,-9.96107536994e-08], [3.90478474136e-05, -9.96107536994e-08, 0.00100000152627 ]])}
{'elname':'triple', 'pos':Position([ -11.33998781504569735808, -.00864455233521020935, .00057258702755901047]), 'crg':'0.0', 'pol':Polarizability(noniso =[ [0.999966213895,-0.00578138339316,-0.000571649785713], [-0.00578138339316,0.00103345898337,3.30834670068e-06], [-0.000571649785713, 3.30834670068e-06, 0.00100032712165 ]])}
{'elname':'single', 'pos':Position([ -13.49679559134444945851, -.02345528114212025763, -.00067557710347308992]), 'crg':'0.0', 'pol':Polarizability(noniso =[ [0.999934144351,-0.00808966573482,-0.000585460987062], [-0.00808966573482,0.00106551251859,4.74123716052e-06], [-0.000585460987062, 4.74123716052e-06, 0.00100034313029 ]])}
