{'elname':'C', 'pos':Position([ -11.21047354269987444659, .00366606875730851593, .00080880279800414681]), 'crg':-0.7931890, 'pol':Polarizability(iso=1.0)}
{'elname':'H', 'pos':Position([ -11.95866148428163571673, -1.15151597612293197817, 1.55137069397547740152]), 'crg':0.2355590, 'pol':Polarizability(iso=1.0)}
{'elname':'H', 'pos':Position([ -11.95909423157309120649, -.76048627945421684834, -1.77517474297834449405]), 'crg':0.2355620, 'pol':Polarizability(iso=1.0)}
{'elname':'H', 'pos':Position([ -11.95665081564360671623, 1.92479948115678453266, .22671044784242405001]), 'crg':0.2355620, 'pol':Polarizability(iso=1.0)}
{'elname':'C', 'pos':Position([ -8.46110527815635291921, .00164028230997102671, .00019086234251967015]), 'crg':-0.3610880, 'pol':Polarizability(iso=1.0)}
{'elname':'C', 'pos':Position([ -6.15759144573878088473, -.00029290755535196905, -.00041573975598343995]), 'crg':0.5585900, 'pol':Polarizability(iso=1.0)}
{'elname':'C', 'pos':Position([ -3.59550449263498125013, -.00227523030092755319, -.00083714869045756317]), 'crg':-0.1246820, 'pol':Polarizability(iso=1.0)}
{'elname':'C', 'pos':Position([ -1.27379259726231591232, -.00419141263077849914, -.00040629112516563449]), 'crg':0.0136820, 'pol':Polarizability(iso=1.0)}
{'elname':'C', 'pos':Position([ 1.27375291301288112942, -.00508903255847001722, -.00009637603434161562]), 'crg':0.0135720, 'pol':Polarizability(iso=1.0)}
{'elname':'C', 'pos':Position([ 3.59546291865938290614, -.00293663445817393493, -.00060660209850311011]), 'crg':-0.1246810, 'pol':Polarizability(iso=1.0)}
{'elname':'C', 'pos':Position([ 6.15762735053588854546, -.00035904797107660723, -.00043085756529192867]), 'crg':0.5586820, 'pol':Polarizability(iso=1.0)}
{'elname':'C', 'pos':Position([ 8.46114307267962414102, .00125855762493168639, -.00013983973610352071]), 'crg':-0.3611060, 'pol':Polarizability(iso=1.0)}
{'elname':'C', 'pos':Position([ 11.21050377831849142404, .00403834481153005080, .00086360485674741844]), 'crg':-0.7931460, 'pol':Polarizability(iso=1.0)}
{'elname':'H', 'pos':Position([ 11.96027153097298976599, -1.87134290744196839924, -.46741809737834509876]), 'crg':0.2355620, 'pol':Polarizability(iso=1.0)}
{'elname':'H', 'pos':Position([ 11.95719505677871231035, 1.34871079101669535270, -1.38934557271174948580]), 'crg':0.2355640, 'pol':Polarizability(iso=1.0)}
{'elname':'H', 'pos':Position([ 11.95679821428436448131, .53707907294569758485, 1.86027289157582752998]), 'crg':0.2355570, 'pol':Polarizability(iso=1.0)}
{'elname':'single', 'pos':Position([ -11.58456751349075508166, -.57392495368281173112, .77608974838674077416]), 'crg':'0.0', 'pol':Polarizability(noniso =[ [0.131098623324,-0.200868772904,0.269619377979], [-0.200868772904,0.31113597913,-0.416285062994], [0.269619377979, -0.416285062994, 0.559765397546 ]])}
{'elname':'single', 'pos':Position([ -11.58478388713648282654, -.37841010534845416620, -.88718297009017017362]), 'crg':'0.0', 'pol':Polarizability(noniso =[ [0.131248970286,-0.132951250179,-0.308994971044], [-0.132951250179,0.136709594368,0.315405700401], [-0.308994971044, 0.315405700401, 0.734041435347 ]])}
{'elname':'single', 'pos':Position([ -11.58356217917174058141, .96423277495704652429, .11375962532021409841]), 'crg':'0.0', 'pol':Polarizability(noniso =[ [0.130397521312,0.333151264033,0.0391744884077], [0.333151264033,0.858742587351,0.100859971648], [0.0391744884077, 0.100859971648, 0.0128598913368 ]])}
{'elname':'dpi', 'pos':Position([ -9.83578941042811368290, .00265317553363977132, .00049983257026190848]), 'crg':'0.0', 'pol':Polarizability(noniso =[ [0.999999407176,0.000736081624974,0.000224532361349], [0.000736081624974,0.00100054235884,1.65439683161e-07], [0.000224532361349, 1.65439683161e-07, 0.00100005046528 ]])}
{'elname':'dpi', 'pos':Position([ -7.30934836194756690197, .00067368737730952883, -.00011243870673188490]), 'crg':'0.0', 'pol':Polarizability(noniso =[ [0.999999227112,0.000838395304675,0.000263074186511], [0.000838395304675,0.00100070361084,2.20781114506e-07], [0.000263074186511, 2.20781114506e-07, 0.00100006927736 ]])}
{'elname':'dpi', 'pos':Position([ -4.87654796918688106743, -.00128406892813976112, -.00062644422322050156]), 'crg':'0.0', 'pol':Polarizability(noniso =[ [0.999999374939,0.00077293988062,0.000164314197691], [0.00077293988062,0.00100059803447,1.27132208021e-07], [0.000164314197691, 1.27132208021e-07, 0.0010000270262 ]])}
{'elname':'dpi', 'pos':Position([ -2.43464854494864858122, -.00323332146585302616, -.00062171990781159883]), 'crg':'0.0', 'pol':Polarizability(noniso =[ [0.999999285105,0.000824505737103,-0.000185391822544], [0.000824505737103,0.00100068049069,-1.53009740426e-07], [-0.000185391822544, -1.53009740426e-07, 0.00100003440456 ]])}
{'elname':'dpi', 'pos':Position([ -.00001984212471739145, -.00464022259462425818, -.00025133357975362505]), 'crg':'0.0', 'pol':Polarizability(noniso =[ [0.999999861191,0.000351994568635,-0.000121530756329], [0.000351994568635,0.00100012402422,-4.28209930869e-08], [-0.000121530756329, -4.2820993087e-08, 0.00100001478451 ]])}
{'elname':'dpi', 'pos':Position([ 2.43460791583613201778, -.00401283350832197607, -.00035148906642236286]), 'crg':'0.0', 'pol':Polarizability(noniso =[ [0.999999093146,-0.000926146566554,0.000219543084258], [-0.000926146566554,0.00100085860685,-2.03532791062e-07], [0.000219543084258, -2.03532791061e-07, 0.00100004824746 ]])}
{'elname':'dpi', 'pos':Position([ 4.87654513459763572580, -.00164784121462527108, -.00051872983189751939]), 'crg':'0.0', 'pol':Polarizability(noniso =[ [0.999998984238,-0.00100501211013,-6.85235529635e-05], [-0.00100501211013,0.00100101106143,6.89360065867e-08], [-6.85235529635e-05, 6.89360065867e-08, 0.00100000470018 ]])}
{'elname':'dpi', 'pos':Position([ 7.30938521160775634324, .00044975482692753958, -.00028534865069772469]), 'crg':'0.0', 'pol':Polarizability(noniso =[ [0.999999491417,-0.000701530774135,-0.000126209975721], [-0.000701530774135,0.00100049263832,8.86288559019e-08], [-0.000126209975721, 8.86288559018e-08, 0.00100001594491 ]])}
{'elname':'dpi', 'pos':Position([ 9.83582342549905778253, .00264845121823086859, .00036188256032194886]), 'crg':'0.0', 'pol':Polarizability(noniso =[ [0.999998845695,-0.00101005451373,-0.000364608393466], [-0.00101005451373,0.00100102123253,3.68643422512e-07], [-0.000364608393466, 3.68643422512e-07, 0.00100013307251 ]])}
{'elname':'single', 'pos':Position([ 11.58538765464574059501, -.93365228131521917422, -.23327724626079884016]), 'crg':'0.0', 'pol':Polarizability(noniso =[ [0.131647965326,0.326787520468,0.0815986702278], [0.326787520468,0.818388034077,0.204101357803], [0.0815986702278, 0.204101357803, 0.0519640005977 ]])}
{'elname':'single', 'pos':Position([ 11.58384941754860186719, .67637456791411270175, -.69424098392750103368]), 'crg':'0.0', 'pol':Polarizability(noniso =[ [0.130581649683,-0.233355978421,0.241258474327], [-0.233355978421,0.421237069042,-0.434468209552], [0.241258474327, -0.434468209552, 0.450181281275 ]])}
{'elname':'single', 'pos':Position([ 11.58365099630142795267, .27055870887861381782, .93056824821628747421]), 'crg':'0.0', 'pol':Polarizability(noniso =[ [0.130440417297,-0.0924528054359,-0.322503696129], [-0.0924528054359,0.0670344072696,0.23034823352], [-0.322503696129, 0.23034823352, 0.804525175433 ]])}
