{'elname':'C', 'pos':Position([ -1.19910683982605448609, -.81456268335068101951, .00011905274830434871]), 'crg':-0.1972890, 'pol':Polarizability(iso=1.0)}
{'elname':'H', 'pos':Position([ -1.17785308966448289911, -2.06650248725757647910, -1.65983719631155688491]), 'crg':0.1882190, 'pol':Polarizability(iso=1.0)}
{'elname':'H', 'pos':Position([ -1.17782474377202948275, -2.06652894342386633437, 1.66005640454652997143]), 'crg':0.1882200, 'pol':Polarizability(iso=1.0)}
{'elname':'C', 'pos':Position([ -3.65153109393224046689, .73183236163614003022, .00014928836692132616]), 'crg':-0.2842740, 'pol':Polarizability(iso=1.0)}
{'elname':'H', 'pos':Position([ -3.67277917491532137061, 1.98370791485347441272, 1.66014333195005378160]), 'crg':0.1884340, 'pol':Polarizability(iso=1.0)}
{'elname':'H', 'pos':Position([ -3.67271303449959673243, 1.98387043130354066652, -1.65972192301557965838]), 'crg':0.1884330, 'pol':Polarizability(iso=1.0)}
{'elname':'C', 'pos':Position([ 1.19910872955221804718, .81456268335068101951, .00009826576050517671]), 'crg':-0.1972890, 'pol':Polarizability(iso=1.0)}
{'elname':'H', 'pos':Position([ 1.17785308966448289911, 2.06651382561455784565, 1.66004695591571216598]), 'crg':0.1882200, 'pol':Polarizability(iso=1.0)}
{'elname':'H', 'pos':Position([ 1.17782663349819304384, 2.06651571534072140674, -1.65984853466853825145]), 'crg':0.1882200, 'pol':Polarizability(iso=1.0)}
{'elname':'C', 'pos':Position([ -6.04993185647454198706, -.89703033312848701720, .00000944863081780545]), 'crg':-0.4059250, 'pol':Polarizability(iso=1.0)}
{'elname':'H', 'pos':Position([ -6.02881794604907392079, -2.14907785142670545896, 1.65994680042904342817]), 'crg':0.1882330, 'pol':Polarizability(iso=1.0)}
{'elname':'H', 'pos':Position([ -6.02874613645485859935, -2.14890588634582139971, -1.66005829427269353252]), 'crg':0.1882330, 'pol':Polarizability(iso=1.0)}
{'elname':'C', 'pos':Position([ -8.50225028591556854679, .64898109744713113112, .00003023561861697745]), 'crg':-0.5321810, 'pol':Polarizability(iso=1.0)}
{'elname':'H', 'pos':Position([ -8.52520667935050867648, 1.90133853083617359175, -1.65990900590577220636]), 'crg':0.1874060, 'pol':Polarizability(iso=1.0)}
{'elname':'H', 'pos':Position([ -8.52532006292032234193, 1.90110609451805557760, 1.66014333195005378160]), 'crg':0.1874060, 'pol':Polarizability(iso=1.0)}
{'elname':'C', 'pos':Position([ -10.90153733002858021849, -.97840950063608182665, -.00016251645006625379]), 'crg':-0.3079780, 'pol':Polarizability(iso=1.0)}
{'elname':'H', 'pos':Position([ -10.87954469693705624505, -2.22881295717200211951, 1.65891878939606619483]), 'crg':0.1859130, 'pol':Polarizability(iso=1.0)}
{'elname':'H', 'pos':Position([ -10.87947288734284092360, -2.22852949824746795591, -1.65945547162651754459]), 'crg':0.1859130, 'pol':Polarizability(iso=1.0)}
{'elname':'C', 'pos':Position([ 3.65153109393224046689, -.73183236163614003022, .00007369932037888253]), 'crg':-0.2842740, 'pol':Polarizability(iso=1.0)}
{'elname':'H', 'pos':Position([ 3.67269791669028824371, -1.98384019568492368907, -1.65982207850224839618]), 'crg':0.1884340, 'pol':Polarizability(iso=1.0)}
{'elname':'H', 'pos':Position([ 3.67279429272462985933, -1.98373815047209139018, 1.66004317646338504380]), 'crg':0.1884330, 'pol':Polarizability(iso=1.0)}
{'elname':'C', 'pos':Position([ -13.34064657358631475430, .58179566315404367383, -.00008125822503312689]), 'crg':-0.7137150, 'pol':Polarizability(iso=1.0)}
{'elname':'H', 'pos':Position([ -13.44809451352023480981, 1.80347339227767182713, -1.67171979442802902317]), 'crg':0.1874950, 'pol':Polarizability(iso=1.0)}
{'elname':'H', 'pos':Position([ -15.01831144652490696878, -.63315842027963411877, -.00020409042566459779]), 'crg':0.1899620, 'pol':Polarizability(iso=1.0)}
{'elname':'H', 'pos':Position([ -13.44815120530514164253, 1.80321072034093683552, 1.67174625059431887843]), 'crg':0.1874950, 'pol':Polarizability(iso=1.0)}
{'elname':'C', 'pos':Position([ 6.04993185647454198706, .89703033312848701720, -.00004535342792546617]), 'crg':-0.4059250, 'pol':Polarizability(iso=1.0)}
{'elname':'H', 'pos':Position([ 6.02880282823976543207, 2.14908352060519614223, 1.65988821891797303436]), 'crg':0.1882320, 'pol':Polarizability(iso=1.0)}
{'elname':'H', 'pos':Position([ 6.02876125426416708807, 2.14890021716733071644, -1.66011498605760036524]), 'crg':0.1882330, 'pol':Polarizability(iso=1.0)}
{'elname':'C', 'pos':Position([ 8.50225028591556854679, -.64898109744713113112, .00000755890465424436]), 'crg':-0.5321810, 'pol':Polarizability(iso=1.0)}
{'elname':'H', 'pos':Position([ 8.52523124579063497066, -1.90133286165768290848, -1.65993546207206206163]), 'crg':0.1874060, 'pol':Polarizability(iso=1.0)}
{'elname':'H', 'pos':Position([ 8.52529549648019604775, -1.90111176369654626087, 1.66011687578376392633]), 'crg':0.1874060, 'pol':Polarizability(iso=1.0)}
{'elname':'C', 'pos':Position([ 10.90153733002858021849, .97840950063608182665, -.00014361918843064289]), 'crg':-0.3079780, 'pol':Polarizability(iso=1.0)}
{'elname':'H', 'pos':Position([ 10.87952390994925707305, 2.22880539826734787515, 1.65894146611002892792]), 'crg':0.1859130, 'pol':Polarizability(iso=1.0)}
{'elname':'H', 'pos':Position([ 10.87949367433064009560, 2.22853705715212220027, -1.65943090518639125041]), 'crg':0.1859130, 'pol':Polarizability(iso=1.0)}
{'elname':'C', 'pos':Position([ 13.34064657358631475430, -.58179566315404367383, -.00003968424943478290]), 'crg':-0.7137150, 'pol':Polarizability(iso=1.0)}
{'elname':'H', 'pos':Position([ 13.44811341078187042072, -1.80347150255150826604, -1.67168011017859424026]), 'crg':0.1874950, 'pol':Polarizability(iso=1.0)}
{'elname':'H', 'pos':Position([ 15.01831144652490696878, .63315842027963411877, -.00014172946226708180]), 'crg':0.1899620, 'pol':Polarizability(iso=1.0)}
{'elname':'H', 'pos':Position([ 13.44813230804350603162, -1.80321449979326395770, 1.67178593484375366134]), 'crg':0.1874950, 'pol':Polarizability(iso=1.0)}
{'elname':'single', 'pos':Position([ -1.18847996474526869260, -1.44053258530412874930, -.82985907178162626810]), 'crg':'0.0', 'pol':Polarizability(noniso =[ [0.00110438192494,0.0061485566383,0.00815241673969], [0.0061485566383,0.363177156198,0.48021337114], [0.00815241673969, 0.48021337114, 0.637718461877 ]])}
{'elname':'single', 'pos':Position([ -1.18846579179904198442, -1.44054581338727367694, .83008772864741716007]), 'crg':'0.0', 'pol':Polarizability(noniso =[ [0.00110466042257,0.00615688029469,-0.00816318769733], [0.00615688029469,0.363192068709,-0.480217528657], [-0.00816318769733, -0.480217528657, 0.637703270869 ]])}
{'elname':'single', 'pos':Position([ -2.42531896687914747649, -.04136516085727049464, .00013417055761283743]), 'crg':'0.0', 'pol':Polarizability(noniso =[ [0.715795240833,0.45071965699,8.81261725204e-06], [0.45071965699,0.285204759058,5.55686383753e-06], [8.81261725204e-06, 5.55686383753e-06, 0.00100000010865 ]])}
{'elname':'single', 'pos':Position([ .00000094486308178054, 0, .00010865925440476271]), 'crg':'0.0', 'pol':Polarizability(noniso =[ [0.68456375078,-0.464349852604,5.92491831379e-06], [-0.464349852604,0.316436249168,-4.02484032039e-06], [5.92491831379e-06, -4.02484032039e-06, 0.00100000005136 ]])}
{'elname':'single', 'pos':Position([ -3.66215513442378091875, 1.35777013824480722147, .83014631015848755388]), 'crg':'0.0', 'pol':Polarizability(noniso =[ [0.00110432710713,0.0061466517877,0.00815049493485], [0.0061466517877,0.363142967795,0.48020361762], [0.00815049493485, 0.48020361762, 0.637752705098 ]])}
{'elname':'single', 'pos':Position([ -3.66212206421591859966, 1.35785139646984034837, -.82978631732432916611]), 'crg':'0.0', 'pol':Polarizability(noniso =[ [0.00110367871306,0.00612831932725,-0.00812452997388], [0.00612831932725,0.363237306652,-0.480230826496], [-0.00812452997388, -0.480230826496, 0.637659014635 ]])}
{'elname':'single', 'pos':Position([ -4.85073147520339122697, -.08259898574617349349, .00007936849886956580]), 'crg':'0.0', 'pol':Polarizability(noniso =[ [0.684666679654,-0.464309037728,-3.98614650057e-05], [-0.464309037728,0.316333318021,2.7071728095e-05], [-3.98614650057e-05, 2.7071728095e-05, 0.00100000232414 ]])}
{'elname':'single', 'pos':Position([ 1.18848090960835047314, 1.44053825448261943258, .83007261083810867134]), 'crg':'0.0', 'pol':Polarizability(noniso =[ [0.00110440040599,0.00614915421151,0.00815309809973], [0.00614915421151,0.363183433654,0.480215158559], [0.00815309809973, 0.480215158559, 0.63771216594 ]])}
{'elname':'single', 'pos':Position([ 1.18846768152520554551, 1.44053919934570121312, -.82987513445401653737]), 'crg':'0.0', 'pol':Polarizability(noniso =[ [0.00110466046503,0.0061568177395,-0.00816323747486], [0.0061568177395,0.363184561934,-0.480215382994], [-0.00816323747486, -0.480215382994, 0.637710777601 ]])}
{'elname':'single', 'pos':Position([ 2.42531991174222925703, .04136516085727049464, .00008598254044202962]), 'crg':'0.0', 'pol':Polarizability(noniso =[ [0.715794927472,0.450719806702,7.16025389565e-06], [0.450719806702,0.285205072456,4.51495684671e-06], [7.16025389565e-06, 4.51495684671e-06, 0.00100000007173 ]])}
{'elname':'single', 'pos':Position([ -6.03937490126180795392, -1.52305409227759623808, .82997812452993061681]), 'crg':'0.0', 'pol':Polarizability(noniso =[ [0.00110300808476,0.00610834347054,-0.00809830883907], [0.00610834347054,0.363222635651,-0.480226887395], [-0.00809830883907, -0.480226887395, 0.637674356265 ]])}
{'elname':'single', 'pos':Position([ -6.03933899646470029320, -1.52296810973715420845, -.83002442282093786353]), 'crg':'0.0', 'pol':Polarizability(noniso =[ [0.00110370982051,0.00612826889055,0.00812647988764], [0.00612826889055,0.363122693989,0.480198053009], [0.00812647988764, 0.480198053009, 0.637773596191 ]])}
{'elname':'single', 'pos':Position([ -7.27609107119505526692, -.12402461784067794304, .00001984212471739145]), 'crg':'0.0', 'pol':Polarizability(noniso =[ [0.715878586878,0.450679835668,6.05964228989e-06], [0.450679835668,0.285121413071,3.82017120326e-06], [6.05964228989e-06, 3.82017120326e-06, 0.00100000005136 ]])}
{'elname':'single', 'pos':Position([ -8.51372848263303861163, 1.27515981414165236143, -.82993938514357761445]), 'crg':'0.0', 'pol':Polarizability(noniso =[ [0.0011217459543,0.00664169880561,-0.00880325072051], [0.00664169880561,0.363329600819,-0.480250371604], [-0.00880325072051, -0.480250371604, 0.637548653226 ]])}
{'elname':'single', 'pos':Position([ -8.51378517441794544436, 1.27504359598259335436, .83008678378433537952]), 'crg':'0.0', 'pol':Polarizability(noniso =[ [0.00112295154305,0.00667326348471,0.00884765668935], [0.00667326348471,0.363195092719,0.480211495063], [0.00884765668935, 0.480211495063, 0.637681955738 ]])}
{'elname':'single', 'pos':Position([ -9.70189380797207438264, -.16471420159447534776, -.00006614041572463817]), 'crg':'0.0', 'pol':Polarizability(noniso =[ [0.685216114393,-0.464090728266,-5.49680255221e-05], [-0.464090728266,0.315783881191,3.72837623366e-05], [-5.49680255221e-05, 3.72837623366e-05, 0.00100000441598 ]])}
{'elname':'single', 'pos':Position([ -10.89054101348281823177, -1.60361122890404197308, .82937813647299997052]), 'crg':'0.0', 'pol':Polarizability(noniso =[ [0.00111193962515,0.00636439000385,-0.00844450678963], [0.00636439000385,0.362850953746,-0.480117157166], [-0.00844450678963, -0.480117157166, 0.638037106629 ]])}
{'elname':'single', 'pos':Position([ -10.89050510868571057104, -1.60346949944177489128, -.82980899403829189919]), 'crg':'0.0', 'pol':Polarizability(noniso =[ [0.00111267190759,0.00638372819371,0.00847316676785], [0.00638372819371,0.362687190016,0.480069919302], [0.00847316676785, 0.480069919302, 0.638200138076 ]])}
{'elname':'single', 'pos':Position([ -12.12109195180744748639, -.19830691874101907641, -.00012188733754969034]), 'crg':'0.0', 'pol':Polarizability(noniso =[ [0.709929308513,0.453475042508,2.36177766272e-05], [0.453475042508,0.2910706907,1.51073910069e-05], [2.36177766272e-05, 1.51073910069e-05, 0.00100000078682 ]])}
{'elname':'single', 'pos':Position([ 3.66211450531126435530, -1.35783627866053185964, -.82987418959093475682]), 'crg':'0.0', 'pol':Polarizability(noniso =[ [0.00110353064774,0.00612379021275,0.00811884178515], [0.00612379021275,0.363219375486,0.480225758708], [0.00811884178515, 0.480225758708, 0.637677093867 ]])}
{'elname':'single', 'pos':Position([ 3.66216269332843516311, -1.35778525605411571020, .83005843789188196316]), 'crg':'0.0', 'pol':Polarizability(noniso =[ [0.00110447574145,0.00615118105171,-0.00815618306526], [0.00615118105171,0.363160897897,-0.480208687973], [-0.00815618306526, -0.480208687973, 0.637734626362 ]])}
{'elname':'single', 'pos':Position([ 4.85073147520339122697, .08259898574617349349, .00001417294622670818]), 'crg':'0.0', 'pol':Polarizability(noniso =[ [0.684666680092,-0.464309038026,3.39361121211e-05], [-0.464309038026,0.316333318223,-2.30475523119e-05], [3.39361121211e-05, -2.30475523119e-05, 0.00100000168453 ]])}
{'elname':'single', 'pos':Position([ -13.39437054355327478205, 1.19263452771585775048, -.83590052632653107503]), 'crg':'0.0', 'pol':Polarizability(noniso =[ [0.00368320056565,0.0305078568826,-0.041744322587], [0.0305078568826,0.34787281431,-0.474630870105], [-0.041744322587, -0.474630870105, 0.650443985124 ]])}
{'elname':'single', 'pos':Position([ -14.17947901005561086154, -.02568137856279522247, -.00014267432534886234]), 'crg':'0.0', 'pol':Polarizability(noniso =[ [0.656315600697,-0.474575332563,-4.79797000224e-05], [-0.474575332563,0.34468439579,3.47465893841e-05], [-4.79797000224e-05, 3.47465893841e-05, 0.00100000351289 ]])}
{'elname':'single', 'pos':Position([ -13.39439888944572819841, 1.19250319174749025467, .83583249618464287577]), 'crg':'0.0', 'pol':Polarizability(noniso =[ [0.00368603131503,0.0305173743661,0.0417710471653], [0.0305173743661,0.347723484939,0.47458221238], [0.0417710471653, 0.47458221238, 0.650590483746 ]])}
{'elname':'single', 'pos':Position([ 6.03936734235715370956, 1.52305692686684157971, .82992143274502378409]), 'crg':'0.0', 'pol':Polarizability(noniso =[ [0.001103155593,0.00611274156034,0.00810408458409], [0.00611274156034,0.363225724241,0.480227714325], [0.00810408458409, 0.480227714325, 0.637671120166 ]])}
{'elname':'single', 'pos':Position([ 6.03934655536935453756, 1.52296527514790886682, -.83008016974276291570]), 'crg':'0.0', 'pol':Polarizability(noniso =[ [0.00110356206685,0.00612388024337,-0.00812070627746], [0.00612388024337,0.363120131206,-0.480197375816], [-0.00812070627746, -0.480197375816, 0.637776306727 ]])}
{'elname':'single', 'pos':Position([ 7.27609107119505526692, .12402461784067794304, -.00001889726163561090]), 'crg':'0.0', 'pol':Polarizability(noniso =[ [0.715878586676,0.450679835541,-1.54245440063e-05], [0.450679835541,0.285121412991,-9.72407215101e-06], [-1.54245440063e-05, -9.72407215101e-06, 0.00100000033281 ]])}
{'elname':'single', 'pos':Position([ 8.51374076585310175872, -1.27515697955240701980, -.82996395158370390863]), 'crg':'0.0', 'pol':Polarizability(noniso =[ [0.00112200667772,0.00664877702746,0.00881269251991], [0.00664877702746,0.363326364323,0.480249349233], [0.00881269251991, 0.480249349233, 0.637551629 ]])}
{'elname':'single', 'pos':Position([ 8.51377289119788229727, -1.27504643057183869599, .83006221734420908534]), 'crg':'0.0', 'pol':Polarizability(noniso =[ [0.00112268981168,0.00666618667719,-0.00883821386151], [0.00666618667719,0.363198329325,-0.480212518772], [-0.00883821386151, -0.480212518772, 0.637678980863 ]])}
{'elname':'single', 'pos':Position([ 9.70189380797207438264, .16471420159447534776, -.00006803014188819926]), 'crg':'0.0', 'pol':Polarizability(noniso =[ [0.685216115557,-0.464090729055,4.31121769534e-05], [-0.464090729055,0.315783881726,-2.92421665882e-05], [4.31121769534e-05, -2.92421665882e-05, 0.00100000271648 ]])}
{'elname':'single', 'pos':Position([ 10.89053061998891864577, 1.60360744945171485090, .82939892346079914251]), 'crg':'0.0', 'pol':Polarizability(noniso =[ [0.00111215147279,0.00637037502489,0.00845251828766], [0.00637037502489,0.362847035526,0.480115954425], [0.00845251828766, 0.480115954425, 0.638040813001 ]])}
{'elname':'single', 'pos':Position([ 10.89051550217961015704, 1.60347327889410201346, -.82978726218741094665]), 'crg':'0.0', 'pol':Polarizability(noniso =[ [0.00111245973207,0.00637775385277,-0.00846515687617], [0.00637775385277,0.362691633606,-0.480071274299], [-0.00846515687617, -0.480071274299, 0.638195906662 ]])}
{'elname':'single', 'pos':Position([ 12.12109195180744748639, .19830691874101907641, -.00009165171893271289]), 'crg':'0.0', 'pol':Polarizability(noniso =[ [0.709929308158,0.453475042281,-3.02087840429e-05], [0.453475042281,0.291070690555,-1.93234070922e-05], [-3.02087840429e-05, -1.93234070922e-05, 0.00100000128725 ]])}
{'elname':'single', 'pos':Position([ 13.39437999218409258751, -1.19263358285277596993, -.83585989721401451158]), 'crg':'0.0', 'pol':Polarizability(noniso =[ [0.0036841408592,0.03051313431,0.0417516555452], [0.03051313431,0.347871276234,0.474630036256], [0.0417516555452, 0.474630036256, 0.650444582907 ]])}
{'elname':'single', 'pos':Position([ 14.17947901005561086154, .02568137856279522247, -.00009070685585093235]), 'crg':'0.0', 'pol':Polarizability(noniso =[ [0.656315601411,-0.47457533308,3.98600585236e-05], [-0.47457533308,0.344684396165,-2.88663973659e-05], [3.98600585236e-05, -2.88663973659e-05, 0.00100000242452 ]])}
{'elname':'single', 'pos':Position([ 13.39438944081491039296, -1.19250508147365381576, .83587312529715943922]), 'crg':'0.0', 'pol':Polarizability(noniso =[ [0.00368508780957,0.0305121125627,-0.0417636685671], [0.0305121125627,0.347725723352,-0.474583271283], [-0.0417636685671, -0.474583271283, 0.650589188838 ]])}
