{'elname':'single', 'pos':Position([ 4.43695608956697302907, 1.78896690938309511445, -.00017196508088405925]), 'crg':'0.0', 'pol':Polarizability(noniso =[ [0.00121203632837,0.0145526399835,-1.46691799504e-06], [0.0145526399835,0.999787953523,-0.000100678641395], [-1.46691799504e-06, -0.000100678641395, 0.00100001014849 ]])}
{'elname':'single', 'pos':Position([ 5.72997854026968660025, .14861845899634375782, -.00006330582647929653]), 'crg':'0.0', 'pol':Polarizability(noniso =[ [0.815002949066,0.388056883742,-3.0090839593e-06], [0.388056883742,0.185997050923,-1.43451045909e-06], [-3.0090839593e-06, -1.43451045909e-06, 0.00100000001112 ]])}
{'elname':'double', 'pos':Position([ 3.34347454879008392651, .13473558573574220507, .00000566917849068327]), 'crg':'0.0', 'pol':Polarizability(noniso =[ [0.760115304187,-0.426731931409,5.04700374676e-05], [-0.426731931409,0.240884692457,-2.8371416632e-05], [5.04700374676e-05, -2.8371416632e-05, 0.00100000335552 ]])}
{'elname':'single', 'pos':Position([ -.22777341880942716352, 1.75247440743856689214, .00000944863081780545]), 'crg':'0.0', 'pol':Polarizability(noniso =[ [0.00105250288701,0.00724207342295,-3.18561316678e-07], [0.00724207342295,0.99994749518,-4.39412873596e-05], [-3.18561316678e-07, -4.39412873596e-05, 0.00100000193287 ]])}
{'elname':'single', 'pos':Position([ 1.00733553902171144184, .11651012175127726591, .00006708527880641871]), 'crg':'0.0', 'pol':Polarizability(noniso =[ [0.804830011842,0.396085210311,-8.04280408871e-06], [0.396085210311,0.196169988077,-3.96307142311e-06], [-8.04280408871e-06, -3.96307142311e-06, 0.00100000008047 ]])}
{'elname':'double', 'pos':Position([ -1.33658347336204205320, .09862953279166222581, .00009543117125983507]), 'crg':'0.0', 'pol':Polarizability(noniso =[ [0.762856074247,-0.425052396225,2.77290654867e-05], [-0.425052396225,0.238143924744,-1.54705148763e-05], [2.77290654867e-05, -1.54705148763e-05, 0.00100000100925 ]])}
{'elname':'single', 'pos':Position([ 6.93806063450957448657, -1.49307642128194487592, .00035148906642236286]), 'crg':'0.0', 'pol':Polarizability(noniso =[ [0.0055605345596,-0.067343706715,2.67480032821e-05], [-0.067343706715,0.995439308561,-0.000394977751994], [2.67480032821e-05, -0.000394977751994, 0.00100015687978 ]])}
{'elname':'single', 'pos':Position([ 7.56131311023982136796, -.17649664422427874821, -.83161273766141096025]), 'crg':'0.0', 'pol':Polarizability(noniso =[ [0.28463717422,-0.145649414396,0.426250792999], [-0.145649414396,0.0757918603133,-0.218882375193], [0.426250792999, -0.218882375193, 0.641570965467 ]])}
{'elname':'single', 'pos':Position([ 7.56160318320592799538, -.17586075137024044120, .83109117324026809923]), 'crg':'0.0', 'pol':Polarizability(noniso =[ [0.284931875458,-0.146050476171,-0.426262703144], [-0.146050476171,0.0761262659584,0.219263408406], [-0.426262703144, 0.219263408406, 0.640941858583 ]])}
{'elname':'single', 'pos':Position([ 2.24185206770057364527, -1.51961101120758793084, .00016629590239337597]), 'crg':'0.0', 'pol':Polarizability(noniso =[ [0.00104449709361,0.00666712953332,-5.62017107712e-07], [0.00666712953332,0.999955495808,-8.42086651655e-05], [-5.62017107712e-07, -8.42086651655e-05, 0.00100000709851 ]])}
{'elname':'single', 'pos':Position([ -2.45062901425080294464, -1.55496400827548881546, .00017102021780227870]), 'crg':'0.0', 'pol':Polarizability(noniso =[ [0.00100471465199,0.00217023388177,-7.36042715259e-08], [0.00217023388177,0.999995284199,-3.38812884496e-05], [-7.36042715259e-08, -3.38812884496e-05, 0.0010000011491 ]])}
{'elname':'single', 'pos':Position([ -3.67749498655648807242, .08944168418442820287, .00010110034975051834]), 'crg':'0.0', 'pol':Polarizability(noniso =[ [0.799524777336,0.400105526105,-2.27958240224e-05], [0.400105526105,0.201475222014,-1.14219814117e-05], [-2.27958240224e-05, -1.14219814117e-05, 0.00100000065076 ]])}
{'elname':'single', 'pos':Position([ -4.89552365445827975959, 1.73363194786169925687, .00018802775327432852]), 'crg':'0.0', 'pol':Polarizability(noniso =[ [0.00104094518366,-0.00639551103461,-7.56398208771e-07], [-0.00639551103461,0.999959040843,0.000118147060499], [-7.56398208771e-07, 0.000118147060499, 0.00100001397327 ]])}
{'elname':'double', 'pos':Position([ -6.01524215329005104527, .09310491835249137718, -.00005291233257971054]), 'crg':'0.0', 'pol':Polarizability(noniso =[ [0.769309162561,-0.421001042007,-8.21737769742e-05], [-0.421001042007,0.23169082865,4.50277667085e-05], [-8.21737769742e-05, 4.50277667085e-05, 0.00100000878882 ]])}
{'elname':'single', 'pos':Position([ -8.02101545569234653344, -.01148008644363362593, -.00015873699773913161]), 'crg':'0.0', 'pol':Polarizability(noniso =[ [0.757529353449,0.428294479698,1.12108911612e-05], [0.428294479698,0.243470646385,6.3468294719e-06], [1.12108911612e-05, 6.3468294719e-06, 0.00100000016613 ]])}
{'elname':'single', 'pos':Position([ -7.17923882586022224691, -1.54339510470216781826, -.00026834111522567487]), 'crg':'0.0', 'pol':Polarizability(noniso =[ [0.00344772464824,-0.0493891237636,-4.63678919344e-06], [-0.0493891237636,0.997552266568,9.35591164248e-05], [-4.63678919344e-06, 9.35591164248e-05, 0.00100000878359 ]])}
