{'elname':'single', 'pos':Position([ 1.24706714499415318724, -1.39003532276144928390, -.82988458308483434282]), 'crg':'0.0', 'pol':Polarizability(noniso =[ [0.0012135096327,0.00879245543098,0.0116594710087], [0.00879245543098,0.363078616905,0.48014404734], [0.0116594710087, 0.48014404734, 0.637707873462 ]])}
{'elname':'single', 'pos':Position([ 1.24707753848805277324, -1.39002114981522257572, .83002536768401964407]), 'crg':'0.0', 'pol':Polarizability(noniso =[ [0.00121380117047,0.00879824492366,-0.0116675852096], [0.00879824492366,0.363061225231,-0.480138963297], [-0.0116675852096, -0.480138963297, 0.637724973599 ]])}
{'elname':'single', 'pos':Position([ 0, 0, .00006425068956107708]), 'crg':'0.0', 'pol':Polarizability(noniso =[ [0.722397832596,0.447505979725,0.0], [0.447505979725,0.278602167404,0.0], [0.0, 0.0, 0.001 ]])}
{'elname':'single', 'pos':Position([ 2.42500621719907811598, .05910685494386379458, .00004724315408902726]), 'crg':'0.0', 'pol':Polarizability(noniso =[ [0.677778294819,-0.466982500842,9.64711426757e-06], [-0.466982500842,0.323221705043,-6.65658692229e-06], [9.64711426757e-06, -6.65658692229e-06, 0.00100000013751 ]])}
{'elname':'single', 'pos':Position([ -1.24707753848805277324, 1.39002114981522257572, .83002442282093786353]), 'crg':'0.0', 'pol':Polarizability(noniso =[ [0.00121380148074,0.0087982576917,0.0116675888588], [0.0087982576917,0.363061750655,0.480139113465], [0.0116675888588, 0.480139113465, 0.637724447865 ]])}
{'elname':'single', 'pos':Position([ -1.24706714499415318724, 1.39003532276144928390, -.82988458308483434282]), 'crg':'0.0', 'pol':Polarizability(noniso =[ [0.0012135096327,0.00879245543098,-0.0116594710087], [0.00879245543098,0.363078616905,-0.48014404734], [-0.0116594710087, -0.48014404734, 0.637707873462 ]])}
{'elname':'single', 'pos':Position([ -2.42500621719907811598, -.05910685494386379458, .00004724315408902726]), 'crg':'0.0', 'pol':Polarizability(noniso =[ [0.677778294819,-0.466982500842,-9.64711426757e-06], [-0.466982500842,0.323221705043,6.65658692229e-06], [-9.64711426757e-06, 6.65658692229e-06, 0.00100000013751 ]])}
{'elname':'single', 'pos':Position([ 3.60295473803482085017, 1.50825186723842221470, .83001497419012005808]), 'crg':'0.0', 'pol':Polarizability(noniso =[ [0.00121323183621,0.00878651792754,0.0116520487156], [0.00878651792754,0.363060837921,0.480139067177], [0.0116520487156, 0.480139067177, 0.637725930243 ]])}
{'elname':'single', 'pos':Position([ 3.60293678563626701981, 1.50824619805993153143, -.82995828240521322536]), 'crg':'0.0', 'pol':Polarizability(noniso =[ [0.00121373625167,0.00879682580683,-0.0116658770762], [0.00879682580683,0.363054371549,-0.480137027395], [-0.0116658770762, -0.480137027395, 0.637731892199 ]])}
{'elname':'single', 'pos':Position([ 4.85001999330281047633, .11851606607389736368, .00001700753547204981]), 'crg':'0.0', 'pol':Polarizability(noniso =[ [0.722558927895,0.447426063704,7.74821247324e-06], [0.447426063704,0.278441072022,4.80453095877e-06], [7.74821247324e-06, 4.80453095877e-06, 0.0010000000832 ]])}
{'elname':'single', 'pos':Position([ -3.60295473803482085017, -1.50825186723842221470, .83001497419012005808]), 'crg':'0.0', 'pol':Polarizability(noniso =[ [0.00121323183621,0.00878651792754,-0.0116520487156], [0.00878651792754,0.363060837921,-0.480139067177], [-0.0116520487156, -0.480139067177, 0.637725930243 ]])}
{'elname':'single', 'pos':Position([ -3.60293678563626701981, -1.50824619805993153143, -.82995828240521322536]), 'crg':'0.0', 'pol':Polarizability(noniso =[ [0.00121373625167,0.00879682580683,0.0116658770762], [0.00879682580683,0.363054371549,0.480137027395], [0.0116658770762, 0.480137027395, 0.637731892199 ]])}
{'elname':'single', 'pos':Position([ -4.85001999330281047633, -.11851606607389736368, .00001700753547204981]), 'crg':'0.0', 'pol':Polarizability(noniso =[ [0.722558927895,0.447426063704,-7.74821247324e-06], [0.447426063704,0.278441072022,-4.80453095877e-06], [-7.74821247324e-06, -4.80453095877e-06, 0.0010000000832 ]])}
{'elname':'single', 'pos':Position([ -6.09805089864037981984, 1.27135012619591320260, -.82999324233923910554]), 'crg':'0.0', 'pol':Polarizability(noniso =[ [0.00124115927557,0.00934523577245,-0.0123905821838], [0.00934523577245,0.363140048053,-0.480151184701], [-0.0123905821838, -0.480151184701, 0.637618792672 ]])}
{'elname':'single', 'pos':Position([ -6.09807640994358789456, 1.27133689811276827497, .83001119473779293590]), 'crg':'0.0', 'pol':Polarizability(noniso =[ [0.00124192122682,0.00935978307817,0.0124102876858], [0.00935978307817,0.363124235319,0.480146377409], [0.0124102876858, 0.480146377409, 0.637633843454 ]])}
{'elname':'single', 'pos':Position([ -7.27538903792529232173, -.17732339942083672539, -.00001984212471739145]), 'crg':'0.0', 'pol':Polarizability(noniso =[ [0.678227399986,-0.466811761971,-1.34036700659e-05], [-0.466811761971,0.322772599749,9.23912830528e-06], [-1.34036700659e-05, 9.23912830528e-06, 0.00100000026529 ]])}
{'elname':'single', 'pos':Position([ -8.45320622279266756012, -1.62501521229561666677, .82953025942916663832]), 'crg':'0.0', 'pol':Polarizability(noniso =[ [0.00122747798028,0.00907021483614,-0.0120386859289], [0.00907021483614,0.362656091163,-0.480017747588], [-0.0120386859289, -0.480017747588, 0.638116430857 ]])}
{'elname':'single', 'pos':Position([ -8.45318921525719551030, -1.62499253558165393369, -.82963419436816249830]), 'crg':'0.0', 'pol':Polarizability(noniso =[ [0.0012279717855,0.00907972308591,0.0120519903444], [0.00907972308591,0.3626297128,0.480009992121], [0.0120519903444, 0.480009992121, 0.638142315414 ]])}
{'elname':'single', 'pos':Position([ -9.69428671530065921207, -.22912079356404622119, -.00004629829100724671]), 'crg':'0.0', 'pol':Polarizability(noniso =[ [0.716750014708,0.450262347011,-1.65566236449e-06], [0.450262347011,0.284249985288,-1.04154021205e-06], [-1.65566236449e-06, -1.04154021205e-06, 0.00100000000383 ]])}
{'elname':'single', 'pos':Position([ 6.09805089864037981984, -1.27135012619591320260, -.82999324233923910554]), 'crg':'0.0', 'pol':Polarizability(noniso =[ [0.00124115927557,0.00934523577245,0.0123905821838], [0.00934523577245,0.363140048053,0.480151184701], [0.0123905821838, 0.480151184701, 0.637618792672 ]])}
{'elname':'single', 'pos':Position([ 6.09807640994358789456, -1.27133689811276827497, .83001119473779293590]), 'crg':'0.0', 'pol':Polarizability(noniso =[ [0.00124192122682,0.00935978307817,-0.0124102876858], [0.00935978307817,0.363124235319,-0.480146377409], [-0.0124102876858, -0.480146377409, 0.637633843454 ]])}
{'elname':'single', 'pos':Position([ 7.27538903792529232173, .17732339942083672539, -.00001984212471739145]), 'crg':'0.0', 'pol':Polarizability(noniso =[ [0.678227399986,-0.466811761971,1.34036700659e-05], [-0.466811761971,0.322772599749,-9.23912830528e-06], [1.34036700659e-05, -9.23912830528e-06, 0.00100000026529 ]])}
{'elname':'single', 'pos':Position([ -10.97804478348651453615, 1.15209045287665454974, -.83589674687420395284]), 'crg':'0.0', 'pol':Polarizability(noniso =[ [0.00416563190296,0.0331106295376,-0.0453445835502], [0.0331106295376,0.347317519528,-0.474277412374], [-0.0453445835502, -0.474277412374, 0.650516848569 ]])}
{'elname':'single', 'pos':Position([ -11.75387091507343853816, -.07205525861658438798, -.00006141610031573544]), 'crg':'0.0', 'pol':Polarizability(noniso =[ [0.649096123906,-0.476885145364,-9.54316453376e-06], [-0.476885145364,0.351903875953,7.02209631881e-06], [-9.54316453376e-06, 7.02209631881e-06, 0.00100000014052 ]])}
{'elname':'single', 'pos':Position([ -10.97805801156965946378, 1.15207439020426428047, .83580887460759836214]), 'crg':'0.0', 'pol':Polarizability(noniso =[ [0.0041670693362,0.033117285043,0.0453554557916], [0.033117285043,0.347299512955,0.474271131528], [0.0453554557916, 0.474271131528, 0.650533417709 ]])}
{'elname':'single', 'pos':Position([ 8.45320622279266756012, 1.62501521229561666677, .82953025942916663832]), 'crg':'0.0', 'pol':Polarizability(noniso =[ [0.00122747798028,0.00907021483614,0.0120386859289], [0.00907021483614,0.362656091163,0.480017747588], [0.0120386859289, 0.480017747588, 0.638116430857 ]])}
{'elname':'single', 'pos':Position([ 8.45318921525719551030, 1.62499253558165393369, -.82963419436816249830]), 'crg':'0.0', 'pol':Polarizability(noniso =[ [0.0012279717855,0.00907972308591,-0.0120519903444], [0.00907972308591,0.3626297128,-0.480009992121], [-0.0120519903444, -0.480009992121, 0.638142315414 ]])}
{'elname':'single', 'pos':Position([ 9.69428671530065921207, .22912079356404622119, -.00004629829100724671]), 'crg':'0.0', 'pol':Polarizability(noniso =[ [0.716750014708,0.450262347011,1.65566236449e-06], [0.450262347011,0.284249985288,1.04154021205e-06], [1.65566236449e-06, 1.04154021205e-06, 0.00100000000383 ]])}
{'elname':'single', 'pos':Position([ 10.97804478348651453615, -1.15208950801357276919, -.83589674687420395284]), 'crg':'0.0', 'pol':Polarizability(noniso =[ [0.00416563530077,0.0331106138179,0.0453446322205], [0.0331106138179,0.347316818976,0.474277187206], [0.0453446322205, 0.474277187206, 0.650517545723 ]])}
{'elname':'single', 'pos':Position([ 11.75387091507343853816, .07205525861658438798, -.00006141610031573544]), 'crg':'0.0', 'pol':Polarizability(noniso =[ [0.649096123906,-0.476885145364,9.54316453376e-06], [-0.476885145364,0.351903875953,-7.02209631881e-06], [9.54316453376e-06, -7.02209631881e-06, 0.00100000014052 ]])}
{'elname':'single', 'pos':Position([ 10.97805801156965946378, -1.15207439020426428047, .83580887460759836214]), 'crg':'0.0', 'pol':Polarizability(noniso =[ [0.0041670693362,0.033117285043,-0.0453554557916], [0.033117285043,0.347299512955,-0.474271131528], [-0.0453554557916, -0.474271131528, 0.650533417709 ]])}
