{'elname':'single', 'pos':Position([ 14.01444261015024834780, .95823194952465828081, -.14152064752600830118]), 'crg':'0.0', 'pol':Polarizability(noniso =[ [0.130362646049,-0.331805754979,0.0490258112914], [-0.331805754979,0.85205756878,-0.125747631375], [0.0490258112914, -0.125747631375, 0.0195797851713 ]])}
{'elname':'single', 'pos':Position([ 14.01447757008427422798, -.59911783803232641164, -.75819687620706258697]), 'crg':'0.0', 'pol':Polarizability(noniso =[ [0.130392993321,0.208307362214,0.262924126802], [0.208307362214,0.336350130166,0.42327663895], [0.262924126802, 0.42327663895, 0.535256876513 ]])}
{'elname':'single', 'pos':Position([ 14.01514842287233841518, -.35456081630123142115, .89877927469286280663]), 'crg':'0.0', 'pol':Polarizability(noniso =[ [0.130857862879,0.123705031763,-0.312349172531], [0.123705031763,0.11884372963,-0.297549670482], [-0.312349172531, -0.297549670482, 0.752298407491 ]])}
{'elname':'single', 'pos':Position([ 12.26709786438266803633, .00116407131675363186, .00034487502484989905]), 'crg':'0.0', 'pol':Polarizability(noniso =[ [0.999999822891,-0.000214289064706,0.000361956208655], [-0.000214289064706,0.00100004596578,-7.76409120803e-08], [0.000361956208655, -7.76409120803e-08, 0.00100013114346 ]])}
{'elname':'triple', 'pos':Position([ 9.74059728952796908105, .00057447675372257156, .00082108601806729390]), 'crg':'0.0', 'pol':Polarizability(noniso =[ [0.999999934245,-0.00025560514375,-1.8842686879e-05], [-0.00025560514375,0.00100006539939,4.82110911449e-09], [-1.8842686879e-05, 4.82110911449e-09, 0.0010000003554 ]])}
{'elname':'single', 'pos':Position([ 7.30879750677088884403, -.00006236096339751599, .00066045929416460119]), 'crg':'0.0', 'pol':Polarizability(noniso =[ [0.999999916853,-0.000267030622605,-0.00010843508708], [-0.000267030622605,0.00100007137674,2.89844757009e-08], [-0.00010843508708, 2.89844757009e-08, 0.00100001176994 ]])}
{'elname':'triple', 'pos':Position([ 4.86694343596058182400, -.00069447436510870082, -.00000944863081780545]), 'crg':'0.0', 'pol':Polarizability(noniso =[ [0.99999972923,-0.000249333091257,-0.000456433867382], [-0.000249333091257,0.00100006222924,1.1391801597e-07], [-0.000456433867382, 1.1391801597e-07, 0.00100020854047 ]])}
{'elname':'single', 'pos':Position([ 2.43465515899022104504, -.00132375317757454402, -.00105541206234886914]), 'crg':'0.0', 'pol':Polarizability(noniso =[ [0.999999764511,-0.000266812170645,-0.000405049116996], [-0.000266812170645,0.00100007126001,1.08180239839e-07], [-0.000405049116996, 1.08180239839e-07, 0.00100016422905 ]])}
{'elname':'triple', 'pos':Position([ -.00000661404157246382, -.00172531998733127579, -.00139272818254452383]), 'crg':'0.0', 'pol':Polarizability(noniso =[ [0.999999973894,-5.34933235155e-05,0.000152374921529], [-5.34933235155e-05,0.0010000028644,-8.15920038638e-09], [0.000152374921529, -8.15920038638e-09, 0.00100002324136 ]])}
{'elname':'single', 'pos':Position([ -2.43467027679952953377, -.00174516211204866725, -.00090423396926398189]), 'crg':'0.0', 'pol':Polarizability(noniso =[ [0.999999939033,3.34443785534e-05,0.000244515567646], [3.34443785534e-05,0.00100000111965,8.18585756317e-09], [0.000244515567646, 8.18585756317e-09, 0.00100005984771 ]])}
{'elname':'triple', 'pos':Position([ -4.86693493219284579909, -.00110265521643789641, .00015590240849378998]), 'crg':'0.0', 'pol':Polarizability(noniso =[ [0.999999318529,0.000515732648932,0.000644056678115], [0.000515732648932,0.00100026624659,3.32493777028e-07], [0.000644056678115, 3.32493777028e-07, 0.00100041522451 ]])}
{'elname':'single', 'pos':Position([ -7.30877860950925323313, -.00012755651604037362, .00121036960776087858]), 'crg':'0.0', 'pol':Polarizability(noniso =[ [0.999999857332,0.000292845023112,0.00023825930092], [0.000292845023112,0.00100008584406,6.98429033523e-08], [0.00023825930092, 6.98429033523e-08, 0.00100005682433 ]])}
{'elname':'triple', 'pos':Position([ -9.74059162034947839778, .00061038155083023229, .00090517883234576243]), 'crg':'0.0', 'pol':Polarizability(noniso =[ [0.999999620564,0.000314591363267,-0.000529234428829], [0.000314591363267,0.00100009906683,-1.66659302992e-07], [-0.000529234428829, -1.66659302992e-07, 0.00100028036956 ]])}
{'elname':'single', 'pos':Position([ -12.26709502979342269470, .00126706139266771130, -.00001700753547204981]), 'crg':'0.0', 'pol':Polarizability(noniso =[ [0.999999902907,0.000213601523665,-0.000226651134435], [0.000213601523665,0.00100004567129,-4.84614938549e-08], [-0.000226651134435, -4.84614938549e-08, 0.00100005142216 ]])}
{'elname':'single', 'pos':Position([ -14.01474402147333634177, -.83650145924654350187, -.48280330293897771861]), 'crg':'0.0', 'pol':Polarizability(noniso =[ [0.130575998548,-0.290883040763,-0.167462054645], [-0.290883040763,0.653998582701,0.375932828714], [-0.167462054645, 0.375932828714, 0.217425418751 ]])}
{'elname':'single', 'pos':Position([ -14.01491976600654752321, .00296687007679091237, .96664123095250513439]), 'crg':'0.0', 'pol':Polarizability(noniso =[ [0.130693907812,0.000488207539804,0.335772937912], [0.000488207539804,0.00100183776251,0.0012639520446], [0.335772937912, 0.0012639520446, 0.870304254425 ]])}
{'elname':'single', 'pos':Position([ -14.01444733446565725053, .83847622308746484163, -.48506152570443322198]), 'crg':'0.0', 'pol':Polarizability(noniso =[ [0.130365137969,0.290242859662,-0.168105670115], [0.290242859662,0.652187166088,-0.377160888825], [-0.168105670115, -0.377160888825, 0.219447695942 ]])}
