{'elname':'single', 'pos':Position([ 7.55727098597596419497, .68269475706814276956, -.68750883446981464810]), 'crg':'0.0', 'pol':Polarizability(noniso =[ [0.130194147886,-0.235710538632,0.238357646968], [-0.235710538632,0.431046243821,-0.434875807249], [0.238357646968, -0.434875807249, 0.440759608293 ]])}
{'elname':'single', 'pos':Position([ 7.55880355389461223952, -.93245325006443966217, -.24451828234474198813]), 'crg':'0.0', 'pol':Polarizability(noniso =[ [0.131259089968,0.325435459812,0.0851654968628], [0.325435459812,0.814058332657,0.212774959801], [0.0851654968628, 0.212774959801, 0.0566825773745 ]])}
{'elname':'single', 'pos':Position([ 7.55747129694930167058, .25876209330258370919, .93275182679828231450]), 'crg':'0.0', 'pol':Polarizability(noniso =[ [0.130332312972,-0.0888221096332,-0.323398772912], [-0.0888221096332,0.0620007428027,0.222101968199], [-0.323398772912, 0.222101968199, 0.809666944225 ]])}
{'elname':'dpi', 'pos':Position([ 5.80963049806378657281, .00129446242203934712, .00000188972616356109]), 'crg':'0.0', 'pol':Polarizability(noniso =[ [0.999999035129,-0.000972137556313,-0.000137307564451], [-0.000972137556313,0.00100094599834,1.33615584675e-07], [-0.000137307564451, 1.33615584675e-07, 0.00100001887226 ]])}
{'elname':'dpi', 'pos':Position([ 3.28404549553533296596, -.00102895589605901387, -.00023716063352691687]), 'crg':'0.0', 'pol':Polarizability(noniso =[ [0.99999926536,-0.000855578684275,-4.34761939277e-05], [-0.000855578684275,0.00100073274817,3.72345667186e-08], [-4.34761939277e-05, 3.72345667186e-08, 0.00100000189207 ]])}
{'elname':'dpi', 'pos':Position([ .84971158999291730633, -.00271175704471016513, -.00037794523271221813]), 'crg':'0.0', 'pol':Polarizability(noniso =[ [0.999999700212,-0.000542682844749,-7.05928903738e-05], [-0.000542682844749,0.00100029479956,3.83479099733e-08], [-7.05928903738e-05, 3.83479099733e-08, 0.00100000498835 ]])}
{'elname':'dpi', 'pos':Position([ -1.59084518380610502493, -.00310293036056731091, -.00001984212471739145]), 'crg':'0.0', 'pol':Polarizability(noniso =[ [0.999999779704,0.000264349545971,0.000387549488692], [0.000264349545971,0.00100006995065,1.02551105074e-07], [0.000387549488692, 1.02551105074e-07, 0.00100015034498 ]])}
{'elname':'dpi', 'pos':Position([ -4.03270586865798450877, -.00207113987526295539, .00041385002981987885]), 'crg':'0.0', 'pol':Polarizability(noniso =[ [0.999999681255,0.00056417003446,-1.17535423846e-05], [0.00056417003446,0.00100031860654,-6.637636164e-09], [-1.17535423846e-05, -6.637636164e-09, 0.00100000013828 ]])}
{'elname':'dpi', 'pos':Position([ -6.46585019158043846182, .00125477817260456421, .00019275206868323125]), 'crg':'0.0', 'pol':Polarizability(noniso =[ [0.999994844367,0.00226237333284,-0.000179214166627], [0.00226237333284,0.00100512348299,-4.05857301197e-07], [-0.000179214166627, -4.05857301197e-07, 0.00100003215003 ]])}
{'elname':'single', 'pos':Position([ -8.62145799176532926966, .00623609633975159927, -.00063967230636542919]), 'crg':'0.0', 'pol':Polarizability(noniso =[ [0.999994033015,0.00236116083802,-0.000621210172861], [0.00236116083802,0.0010055806945,-1.46825414754e-06], [-0.000621210172861, -1.46825414754e-06, 0.00100038629067 ]])}
