{'elname':'C', 'pos':Position([ -6.34360853037508040784, -.00057825620604969375, -.00008881712968737126]), 'crg':-0.8792550, 'pol':Polarizability(iso=1.0)}
{'elname':'H', 'pos':Position([ -7.09613528322837794220, 1.86273142531462050897, -.51076841557043651918]), 'crg':0.2295010, 'pol':Polarizability(iso=1.0)}
{'elname':'H', 'pos':Position([ -7.09499388862558704343, -.49079967920008647386, 1.86914704563991041186]), 'crg':0.2295050, 'pol':Polarizability(iso=1.0)}
{'elname':'H', 'pos':Position([ -7.09382603785650628938, -1.37511215524780735073, -1.35907026984533725186]), 'crg':0.2295070, 'pol':Polarizability(iso=1.0)}
{'elname':'C', 'pos':Position([ -3.59027184088808059001, .00109982062719255478, .00018330343786542579]), 'crg':-0.2974730, 'pol':Polarizability(iso=1.0)}
{'elname':'C', 'pos':Position([ -1.29278245547994131266, .00031369454315114105, .00021542878264596433]), 'crg':0.4882150, 'pol':Polarizability(iso=1.0)}
{'elname':'C', 'pos':Position([ 1.29279568356308624029, -.00003968424943478290, -.00010960411748654325]), 'crg':0.4882250, 'pol':Polarizability(iso=1.0)}
{'elname':'C', 'pos':Position([ 3.59028128951889839547, .00027590001987991924, -.00015873699773913161]), 'crg':-0.2974870, 'pol':Polarizability(iso=1.0)}
{'elname':'C', 'pos':Position([ 6.34359530229193548021, -.00030991509082401887, .00003968424943478290]), 'crg':-0.8792510, 'pol':Polarizability(iso=1.0)}
{'elname':'H', 'pos':Position([ 7.09517908178961603032, .48929356744772828458, -1.86928310592368681039]), 'crg':0.2295030, 'pol':Polarizability(iso=1.0)}
{'elname':'H', 'pos':Position([ 7.09520931740823300777, 1.37361360240010340581, 1.35884917188420060425]), 'crg':0.2295080, 'pol':Polarizability(iso=1.0)}
{'elname':'H', 'pos':Position([ 7.09449878037073403767, -1.86429800830421265315, .51063613473898724283]), 'crg':0.2295020, 'pol':Polarizability(iso=1.0)}
{'elname':'single', 'pos':Position([ -6.71987190680172917502, .93107658455428540761, -.25542861635006194522]), 'crg':'0.0', 'pol':Polarizability(noniso =[ [0.132595368389,0.325839477511,-0.0893032302584], [0.325839477511,0.807801686141,-0.22112114008], [-0.0893032302584, -0.22112114008, 0.0616029454699 ]])}
{'elname':'single', 'pos':Position([ -6.71930120950033372563, -.24568896770306808380, .93452911425511152030]), 'crg':'0.0', 'pol':Polarizability(noniso =[ [0.132198717492,-0.0855971190786,0.326385582569], [-0.0855971190786,0.0568455672022,-0.212941605762], [0.326385582569, -0.212941605762, 0.812955715305 ]])}
{'elname':'single', 'pos':Position([ -6.71871728411579334861, -.68784520572692852224, -.67957954348751231156]), 'crg':'0.0', 'pol':Polarizability(noniso =[ [0.131789355234,-0.239629708198,-0.236918368611], [-0.239629708198,0.440044882119,0.434077218558], [-0.236918368611, 0.434077218558, 0.430165762647 ]])}
{'elname':'single', 'pos':Position([ -4.96694018563158049892, .00026078221057143051, .00004724315408902726]), 'crg':'0.0', 'pol':Polarizability(noniso =[ [0.999999619159,-0.000608860559526,-9.8734144788e-05], [-0.000608860559526,0.0010003710824,6.01755250824e-08], [-9.8734144788e-05, 6.01755250824e-08, 0.00100000975819 ]])}
{'elname':'triple', 'pos':Position([ -2.44152714818401095133, .00070675758517184791, .00019936611025569506]), 'crg':'0.0', 'pol':Polarizability(noniso =[ [0.999999882843,0.000341825242297,-1.39688199977e-05], [0.000341825242297,0.00100011696147,-4.77967551583e-09], [-1.39688199977e-05, -4.77967551582e-09, 0.00100000019532 ]])}
{'elname':'single', 'pos':Position([ .00000661404157246381, .00013700514685817907, .00005291233257971054]), 'crg':'0.0', 'pol':Polarizability(noniso =[ [0.999999965552,0.000136536349969,0.000125584236335], [0.000136536349969,0.00100001866084,1.71639778119e-08], [0.000125584236335, 1.71639778119e-08, 0.00100001578719 ]])}
{'elname':'triple', 'pos':Position([ 2.44153848654099231788, .00011810788522256817, -.00013417055761283743]), 'crg':'0.0', 'pol':Polarizability(noniso =[ [0.999999980694,-0.00013722335313,2.13641148585e-05], [-0.00013722335313,0.0010000188491,-2.93459012442e-09], [2.13641148585e-05, -2.9345901244e-09, 0.00100000045688 ]])}
{'elname':'single', 'pos':Position([ 4.96693829590541693784, -.00001700753547204981, -.00005952637415217435]), 'crg':'0.0', 'pol':Polarizability(noniso =[ [0.999999949587,0.000212554493763,-7.19942640165e-05], [0.000212554493763,0.00100004522464,-1.53180231372e-08], [-7.19942640165e-05, -1.53180231372e-08, 0.00100000518836 ]])}
{'elname':'single', 'pos':Position([ 6.71938719204077575526, .24449182617845213285, -.93462171083712601374]), 'crg':'0.0', 'pol':Polarizability(noniso =[ [0.132267477544,-0.0855114438376,0.326485608226], [-0.0855114438376,0.0567046357863,-0.212682198774], [0.326485608226, -0.212682198774, 0.813027886669 ]])}
{'elname':'single', 'pos':Position([ 6.71940230985008424399, .68665184365463969347, .67944442806681769357]), 'crg':'0.0', 'pol':Polarizability(noniso =[ [0.132278184633,-0.239971822736,-0.237331980527], [-0.239971822736,0.439659902771,0.433834365699], [-0.237331980527, 0.433834365699, 0.430061912595 ]])}
{'elname':'single', 'pos':Position([ 6.71904704133133475894, -.93230396169751833601, .25533790949421101286]), 'crg':'0.0', 'pol':Polarizability(noniso =[ [0.13202815331,0.32525474282,-0.0890960182597], [0.32525474282,0.808388679873,-0.221165465385], [-0.0890960182597, -0.221165465385, 0.0615831668173 ]])}
