{'elname':'C', 'pos':Position([ -8.77831471197171760234, -.00099399596203313370, -.00016440617622981488]), 'crg':0., 'pol':Polarizability(iso=1.0)}
{'elname':'H', 'pos':Position([ -9.52685414261990123535, -1.34958195477809701551, -1.38570029094224014186]), 'crg':0., 'pol':Polarizability(iso=1.0)}
{'elname':'H', 'pos':Position([ -9.52817695093439399883, 1.87281122467105536670, -.47483905202264950190]), 'crg':0., 'pol':Polarizability(iso=1.0)}
{'elname':'H', 'pos':Position([ -9.52691839330946231243, -.52723737908587142454, 1.86032013472991655725]), 'crg':0., 'pol':Polarizability(iso=1.0)}
{'elname':'C', 'pos':Position([ -6.02759907267357701730, .00009070685585093235, -.00036849660189441268]), 'crg':0., 'pol':Polarizability(iso=1.0)}
{'elname':'C', 'pos':Position([ -3.72579166298170064772, .00068786032353623701, .00005858151107039381]), 'crg':0., 'pol':Polarizability(iso=1.0)}
{'elname':'C', 'pos':Position([ -1.15767459368997757272, .00130769050518427475, .00037227605422153486]), 'crg':0., 'pol':Polarizability(iso=1.0)}
{'elname':'C', 'pos':Position([ 1.15770104985626742799, .00075400073926087518, .00040818085132919558]), 'crg':0., 'pol':Polarizability(iso=1.0)}
{'elname':'C', 'pos':Position([ 3.72578977325553708663, .00019275206868323125, .00027401029371635814]), 'crg':0., 'pol':Polarizability(iso=1.0)}
{'elname':'C', 'pos':Position([ 6.02759529322124989512, -.00019086234251967015, .00005669178490683272]), 'crg':0., 'pol':Polarizability(iso=1.0)}
{'elname':'C', 'pos':Position([ 8.77829959416240911362, -.00074266238227950864, -.00035148906642236286]), 'crg':0., 'pol':Polarizability(iso=1.0)}
{'elname':'H', 'pos':Position([ 9.52711303510430910477, .52526639469727720695, -1.86081146353244244083]), 'crg':0., 'pol':Polarizability(iso=1.0)}
{'elname':'H', 'pos':Position([ 9.52777443926155548651, 1.34719523063351935797, 1.38530155872172875173]), 'crg':0., 'pol':Polarizability(iso=1.0)}
{'elname':'H', 'pos':Position([ 9.52700910016531324478, -1.87508834469814648098, .47403591840313603836]), 'crg':0., 'pol':Polarizability(iso=1.0)}
{'elname':'single', 'pos':Position([ -9.15258442729580941884, -.67528797537006507460, -.69293234855923497837]), 'crg':'0.0', 'pol':Polarizability(noniso =[ [0.131213694196,-0.23459635241,-0.241023703775], [-0.23459635241,0.423654843672,0.434234525786], [-0.241023703775, 0.434234525786, 0.447131462133 ]])}
{'elname':'single', 'pos':Position([ -9.15324583145305580058, .93590861435451111650, -.23750172909943965839]), 'crg':'0.0', 'pol':Polarizability(noniso =[ [0.131672957997,0.326534206108,-0.082718047177], [0.326534206108,0.816965211111,-0.206701312037], [-0.082718047177, -0.206701312037, 0.053361830892 ]])}
{'elname':'single', 'pos':Position([ -9.15261655264058995738, -.26411568752395227912, .93007786427684337118]), 'crg':'0.0', 'pol':Polarizability(noniso =[ [0.131235084024,-0.0915509139573,0.323669742149], [-0.0915509139573,0.0653572345288,-0.227529017516], [0.323669742149, -0.227529017516, 0.805407681447 ]])}
{'elname':'dpi', 'pos':Position([ -7.40295689232264730982, -.00045164455309110067, -.00026645138906211378]), 'crg':'0.0', 'pol':Polarizability(noniso =[ [0.999999839156,-0.000393940371326,7.41211848489e-05], [-0.000393940371326,0.00100015534439,-2.92285603442e-08], [7.41211848489e-05, -2.92285603441e-08, 0.00100000549945 ]])}
{'elname':'dpi', 'pos':Position([ -4.87669536782763883251, .00038928358969358468, -.00015495754541200943]), 'crg':'0.0', 'pol':Polarizability(noniso =[ [0.999999898374,-0.000259168621499,-0.000185354773603], [-0.000259168621499,0.00100006723562,4.80862322824e-08], [-0.000185354773603, 4.80862322825e-08, 0.00100003439079 ]])}
{'elname':'dpi', 'pos':Position([ -2.44173312833583911022, .00099777541436025588, .00021542878264596433]), 'crg':'0.0', 'pol':Polarizability(noniso =[ [0.9999999269,-0.000241114516466,-0.000122027468699], [-0.000241114516466,0.00100005819441,2.94520483123e-08], [-0.000122027468699, 2.94520483122e-08, 0.00100001490561 ]])}
{'elname':'dpi', 'pos':Position([ .00001322808314492763, .00103084562222257496, .00039022845277536522]), 'crg':'0.0', 'pol':Polarizability(noniso =[ [0.999999942631,0.000238896891607,-1.54916073055e-05], [0.000238896891607,0.00100005712886,-3.70460164555e-09], [-1.54916073055e-05, -3.70460164552e-09, 0.00100000024023 ]])}
{'elname':'dpi', 'pos':Position([ 2.44174541155590225731, .00047337640397205321, .00034109557252277686]), 'crg':'0.0', 'pol':Polarizability(noniso =[ [0.999999949558,0.000218328669236,5.21930488747e-05], [0.000218328669236,0.00100004771513,1.14066461256e-08], [5.21930488747e-05, 1.14066461256e-08, 0.00100000272684 ]])}
{'elname':'dpi', 'pos':Position([ 4.87669253323839349087, .00000094486308178055, .00016535103931159543]), 'crg':'0.0', 'pol':Polarizability(noniso =[ [0.999999963348,0.000166491382217,9.43177781033e-05], [0.000166491382217,0.00100002774713,1.57188166368e-08], [9.43177781033e-05, 1.57188166368e-08, 0.00100000890475 ]])}
{'elname':'dpi', 'pos':Position([ 7.40294744369182950437, -.00046676236239958939, -.00014739864075776507]), 'crg':'0.0', 'pol':Polarizability(noniso =[ [0.999999937801,0.000200402567836,0.000148242995386], [0.000200402567836,0.00100004020139,2.97380168059e-08], [0.000148242995386, 2.97380168058e-08, 0.00100002199799 ]])}
{'elname':'single', 'pos':Position([ 9.15270631463335910919, .26226186615749884915, -.93058147629943240184]), 'crg':'0.0', 'pol':Polarizability(noniso =[ [0.131308802255,-0.0915362979021,0.323757958472], [-0.0915362979021,0.0653002904535,-0.227425963727], [0.323757958472, -0.227425963727, 0.805390907292 ]])}
{'elname':'single', 'pos':Position([ 9.15303701671198230006, .67322628412561992466, .69247503482765319443]), 'crg':'0.0', 'pol':Polarizability(noniso =[ [0.131540160508,-0.234777764804,-0.241346820977], [-0.234777764804,0.423250123118,0.434064635366], [-0.241346820977, 0.434064635366, 0.447209716374 ]])}
{'elname':'single', 'pos':Position([ 9.15265434716386117920, -.93791550354021299481, .23684221466835683775]), 'crg':'0.0', 'pol':Polarizability(noniso =[ [0.131270732301,0.326124328145,-0.0825404171711], [0.326124328145,0.817431101054,-0.206634580302], [-0.0825404171711, -0.206634580302, 0.0532981666445 ]])}
