{'elname':'single', 'pos':Position([ -9.98265042409234562637, .89585019913934311606, .37487726228567670715]), 'crg':'0.0', 'pol':Polarizability(noniso =[ [0.129632638494,0.308485207052,0.129593700465], [0.308485207052,0.740805418621,0.310790014015], [0.129593700465, 0.310790014015, 0.131561942884 ]])}
{'elname':'single', 'pos':Position([ -9.98418204714791189037, -.76604301923816823552, .58505071647077765255]), 'crg':'0.0', 'pol':Polarizability(noniso =[ [0.130692120269,-0.267372346171,0.203111817953], [-0.267372346171,0.552212913696,-0.418733869015], [0.203111817953, -0.418733869015, 0.319094966035 ]])}
{'elname':'single', 'pos':Position([ -9.98381732999834459987, -.11711766871286215657, -.95926090542071729469]), 'crg':'0.0', 'pol':Polarizability(noniso =[ [0.13044036058,-0.0419805688897,-0.332856943909], [-0.0419805688897,0.0146152909062,0.107953375605], [-0.332856943909, 0.107953375605, 0.856944348514 ]])}
{'elname':'single', 'pos':Position([ -8.23636014552403240350, .00260404265338718296, -.00000850376773602490]), 'crg':'0.0', 'pol':Polarizability(noniso =[ [0.999999113072,0.00093268250251,0.000127059103803], [0.00093268250251,0.00100087076819,1.18624532646e-07], [0.000127059103803, 1.18624532646e-07, 0.00100001616019 ]])}
{'elname':'triple', 'pos':Position([ -5.71033767138871440417, .00029007296610662742, -.00023999522277225851]), 'crg':'0.0', 'pol':Polarizability(noniso =[ [0.999999197191,0.000894196278743,4.91766972728e-05], [0.000894196278743,0.00100080038802,4.40176727127e-08], [4.91766972728e-05, 4.40176727128e-08, 0.00100000242077 ]])}
{'elname':'single', 'pos':Position([ -3.27799459235961035358, -.00207775391683541921, -.00035337879258592395]), 'crg':'0.0', 'pol':Polarizability(noniso =[ [0.999998909275,0.0010429179147,4.42226677612e-05], [0.0010429179147,0.00100108876773,4.6166829629e-08], [4.42226677612e-05, 4.6166829629e-08, 0.0010000019576 ]])}
{'elname':'triple', 'pos':Position([ -.83676696577252383511, -.00409976091184578624, -.00006803014188819926]), 'crg':'0.0', 'pol':Polarizability(noniso =[ [0.999999565167,0.000589669621013,-0.000294428141803], [0.000589669621013,0.00100034805847,-1.73789195557e-07], [-0.000294428141803, -1.73789195557e-07, 0.00100008677474 ]])}
{'elname':'single', 'pos':Position([ 1.59741292708756159562, -.00508997742155179776, .00047999044554451703]), 'crg':'0.0', 'pol':Polarizability(noniso =[ [0.999999916509,0.000239382955372,-0.000161564966784], [0.000239382955372,0.00100005736157,-3.87146170829e-08], [-0.000161564966784, -3.8714617083e-08, 0.00100002612937 ]])}
{'elname':'triple', 'pos':Position([ 4.03103062641398760188, -.00361504615089236648, .00032975721554141033]), 'crg':'0.0', 'pol':Polarizability(noniso =[ [0.99999755314,-0.00153306724009,0.00030677619401], [-0.00153306724009,0.00100235265357,-4.70780465475e-07], [0.00030677619401, -4.70780465475e-07, 0.00100009420607 ]])}
{'elname':'single', 'pos':Position([ 6.47343933185329980203, .00015401268233022889, -.00024755412742650287]), 'crg':'0.0', 'pol':Polarizability(noniso =[ [0.999997567357,-0.00154936749579,0.000172233726373], [-0.00154936749579,0.00100240294843,-2.67121108239e-07], [0.000172233726373, -2.67121108239e-07, 0.00100002969422 ]])}
{'elname':'triple', 'pos':Position([ 8.90479502896194318273, .00352622902120499522, -.00016346131314803434]), 'crg':'0.0', 'pol':Polarizability(noniso =[ [0.999998481424,-0.00120276236409,-0.000265363554373], [-0.00120276236409,0.00100144808759,3.1948927044e-07], [-0.000265363554373, 3.1948927044e-07, 0.00100007048841 ]])}
{'elname':'single', 'pos':Position([ 11.06126359941433606738, .00732741319920812914, .00000755890465424436]), 'crg':'0.0', 'pol':Polarizability(noniso =[ [0.99999422893,-0.00239740852193,0.000133033220053], [-0.00239740852193,0.00100575335418,-3.19256073977e-07], [0.000133033220053, -3.19256073978e-07, 0.00100001771566 ]])}
