{'elname':'single', 'pos':Position([ 5.13539226557757968408, -.35938339747063932460, -.89619507416419301512]), 'crg':'0.0', 'pol':Polarizability(noniso =[ [0.131488861305,0.125375097512,0.312429375128], [0.125375097512,0.121461738412,0.300185494613], [0.312429375128, 0.300185494613, 0.749049400283 ]])}
{'elname':'single', 'pos':Position([ 5.13444834735888091928, -.59606026109968456691, .76135460862637316951]), 'crg':'0.0', 'pol':Polarizability(noniso =[ [0.130832504096,0.207301700562,-0.264333496583], [0.207301700562,0.331995657484,-0.422057509704], [-0.264333496583, -0.422057509704, 0.539171838421 ]])}
{'elname':'single', 'pos':Position([ 5.13366505586408484719, .95781148545326593813, .13753710477322152201]), 'crg':'0.0', 'pol':Polarizability(noniso =[ [0.13028819363,-0.3319495758,-0.0474652246395], [-0.3319495758,0.853286026902,0.121867749421], [-0.0474652246395, 0.121867749421, 0.0184257794686 ]])}
{'elname':'dpi', 'pos':Position([ 3.38470175963741446154, -.00034770961409524069, -.00016251645006625380]), 'crg':'0.0', 'pol':Polarizability(noniso =[ [0.999999256695,-0.000625568053407,-0.000592643419017], [-0.000625568053407,0.00100039172741,3.71110176023e-07], [-0.000592643419017, 3.71110176023e-07, 0.00100035157806 ]])}
{'elname':'dpi', 'pos':Position([ .86041972329873622673, -.00073888292995238645, -.00077951204246894990]), 'crg':'0.0', 'pol':Polarizability(noniso =[ [0.999999802096,0.000409409638848,0.0001734647265], [0.000409409638848,0.00100016778407,7.10892343325e-08], [0.0001734647265, 7.10892343325e-08, 0.00100003012014 ]])}
{'elname':'dpi', 'pos':Position([ -1.58052444436381612812, .00001417294622670818, -.00057542161680435211]), 'crg':'0.0', 'pol':Polarizability(noniso =[ [0.999999952278,0.000218314362807,3.65074185296e-06], [0.000218314362807,0.00100004770887,7.978072267e-10], [3.65074185296e-06, 7.978072267e-10, 0.00100000001334 ]])}
{'elname':'dpi', 'pos':Position([ -4.01952219407790055958, .00003212534478053854, -.00003118048169875799]), 'crg':'0.0', 'pol':Polarizability(noniso =[ [0.99999972545,-0.000230581030305,0.000470220601086], [-0.000230581030305,0.00100005322085,-1.0853251298e-07], [0.000470220601086, -1.0853251298e-07, 0.0010002213288 ]])}
{'elname':'single', 'pos':Position([ -6.17298609993023131004, .00098832678354245043, .00144091619971533164]), 'crg':'0.0', 'pol':Polarizability(noniso =[ [0.999997676178,0.00121077110033,0.000924946653268], [0.00121077110033,0.0010014674375,1.12102230448e-06], [0.000924946653268, 1.12102230448e-06, 0.00100085638469 ]])}
