{'elname':'C', 'pos':Position([ -2.42595297000702222242, .90662069340855955245, .00000755890465424436]), 'crg':-0.2943490, 'pol':Polarizability(iso=1.0)}
{'elname':'H', 'pos':Position([ -2.42627800290715473002, 2.15867766033759579966, -1.65997892577382396671]), 'crg':0.1879690, 'pol':Polarizability(iso=1.0)}
{'elname':'H', 'pos':Position([ -2.42627611318099116893, 2.15866821170677799421, 1.66000349221395026089]), 'crg':0.1879690, 'pol':Polarizability(iso=1.0)}
{'elname':'C', 'pos':Position([ 0, -.68096660249156615213, .00000377945232712218]), 'crg':-0.2540110, 'pol':Polarizability(iso=1.0)}
{'elname':'H', 'pos':Position([ .00000377945232712218, -1.93305569476538293788, 1.65988443946564591218]), 'crg':0.1882750, 'pol':Polarizability(iso=1.0)}
{'elname':'H', 'pos':Position([ -.00000377945232712218, -1.93305947421771006007, -1.65987499083482810672]), 'crg':0.1882750, 'pol':Polarizability(iso=1.0)}
{'elname':'C', 'pos':Position([ -4.85110469612069454239, -.68163745527963033932, .00000377945232712218]), 'crg':-0.4455760, 'pol':Polarizability(iso=1.0)}
{'elname':'H', 'pos':Position([ -4.85242372498286018369, -1.93404024209659826613, 1.65999404358313245544]), 'crg':0.1872790, 'pol':Polarizability(iso=1.0)}
{'elname':'H', 'pos':Position([ -4.85242183525669662260, -1.93404024209659826613, -1.65998648467847821107]), 'crg':0.1872790, 'pol':Polarizability(iso=1.0)}
{'elname':'C', 'pos':Position([ 2.42595297000702222242, .90662069340855955245, -.00000566917849068327]), 'crg':-0.2943490, 'pol':Polarizability(iso=1.0)}
{'elname':'H', 'pos':Position([ 2.42627989263331829111, 2.15867577061143223857, 1.65998459495231464998]), 'crg':0.1879690, 'pol':Polarizability(iso=1.0)}
{'elname':'H', 'pos':Position([ 2.42627422345482760784, 2.15867199115910511639, -1.65999782303545957762]), 'crg':0.1879690, 'pol':Polarizability(iso=1.0)}
{'elname':'C', 'pos':Position([ 4.85110469612069454239, -.68163745527963033932, -.00001133835698136654]), 'crg':-0.4455760, 'pol':Polarizability(iso=1.0)}
{'elname':'H', 'pos':Position([ 4.85242183525669662260, -1.93403646264427114395, -1.66000349221395026089]), 'crg':0.1872790, 'pol':Polarizability(iso=1.0)}
{'elname':'H', 'pos':Position([ 4.85242372498286018369, -1.93404402154892538831, 1.65997514632149684453]), 'crg':0.1872790, 'pol':Polarizability(iso=1.0)}
{'elname':'C', 'pos':Position([ 7.27841448951315362793, .90368594867654917861, -.00000566917849068327]), 'crg':-0.2886330, 'pol':Polarizability(iso=1.0)}
{'elname':'H', 'pos':Position([ 7.27817638401654493050, 2.15408184630781522711, 1.65915878461883845335]), 'crg':0.1859540, 'pol':Polarizability(iso=1.0)}
{'elname':'H', 'pos':Position([ 7.27819150182585341923, 2.15407050795083386056, -1.65917957160663762535]), 'crg':0.1859540, 'pol':Polarizability(iso=1.0)}
{'elname':'C', 'pos':Position([ -7.27841448951315362793, .90368594867654917861, .00000377945232712218]), 'crg':-0.2886330, 'pol':Polarizability(iso=1.0)}
{'elname':'H', 'pos':Position([ -7.27818016346887205268, 2.15408184630781522711, -1.65916256407116557553]), 'crg':0.1859540, 'pol':Polarizability(iso=1.0)}
{'elname':'H', 'pos':Position([ -7.27818961209968985814, 2.15407239767699742165, 1.65917579215431050317]), 'crg':0.1859540, 'pol':Polarizability(iso=1.0)}
{'elname':'C', 'pos':Position([ 9.68970696394326890878, -.69913254010187891692, .00000944863081780545]), 'crg':-0.7199900, 'pol':Polarizability(iso=1.0)}
{'elname':'H', 'pos':Position([ 9.77555344410152213663, -1.92235795495346360349, -1.67167255127393999590]), 'crg':0.1875220, 'pol':Polarizability(iso=1.0)}
{'elname':'H', 'pos':Position([ 11.38847062949802070081, .48603378981558540315, .00001889726163561090]), 'crg':0.1898330, 'pol':Polarizability(iso=1.0)}
{'elname':'H', 'pos':Position([ 9.77553454683988652572, -1.92235606522730004240, 1.67169522798790272899]), 'crg':0.1875220, 'pol':Polarizability(iso=1.0)}
{'elname':'C', 'pos':Position([ -9.68970696394326890878, -.69913254010187891692, -.00000566917849068327]), 'crg':-0.7199900, 'pol':Polarizability(iso=1.0)}
{'elname':'H', 'pos':Position([ -9.77554588519686789226, -1.92236362413195428676, 1.67167255127393999590]), 'crg':0.1875220, 'pol':Polarizability(iso=1.0)}
{'elname':'H', 'pos':Position([ -11.38847062949802070081, .48603378981558540315, -.00000566917849068327]), 'crg':0.1898330, 'pol':Polarizability(iso=1.0)}
{'elname':'H', 'pos':Position([ -9.77554210574454077008, -1.92235039604880935913, -1.67169522798790272899]), 'crg':0.1875220, 'pol':Polarizability(iso=1.0)}
{'elname':'single', 'pos':Position([ -2.42611548645708847622, 1.53264917687307767605, -.82998568343458486117]), 'crg':'0.0', 'pol':Polarizability(noniso =[ [0.00100002441263,9.40397322055e-05,-0.000124678579815], [9.40397322055e-05,0.363249796338,-0.480273487454], [-0.000124678579815, -0.480273487454, 0.63775017925 ]])}
{'elname':'single', 'pos':Position([ -2.42611454159400669567, 1.53264445255766877333, .83000552555930225262]), 'crg':'0.0', 'pol':Polarizability(noniso =[ [0.00100002412955,9.34921173487e-05,0.0001239541889], [9.34921173487e-05,0.363243683099,0.480271740507], [0.0001239541889, 0.480271740507, 0.637756292772 ]])}
{'elname':'single', 'pos':Position([ -1.21297648500351111121, .11282704545849670016, .00000566917849068327]), 'crg':'0.0', 'pol':Polarizability(noniso =[ [0.700451049908,0.45773335867,1.08969214612e-06], [0.45773335867,0.300548950091,7.13114157206e-07], [1.08969214612e-06, 7.13114157206e-07, 0.0010000000017 ]])}
{'elname':'single', 'pos':Position([ -3.63852883306385838240, .11249161906446460656, .00000566917849068327]), 'crg':'0.0', 'pol':Polarizability(noniso =[ [0.700135183209,-0.457871208555,-1.08955990947e-06], [-0.457871208555,0.30086481679,7.13564593119e-07], [-1.08955990947e-06, 7.13564593119e-07, 0.0010000000017 ]])}
{'elname':'single', 'pos':Position([ .00000188972616356109, -1.30701114862847454500, .82994410945898651718]), 'crg':'0.0', 'pol':Polarizability(noniso =[ [0.0010000000033,1.09358186166e-06,-1.44974937767e-06], [1.09358186166e-06,0.363291094618,-0.480285296759], [-1.44974937767e-06, -0.480285296759, 0.637708905379 ]])}
{'elname':'single', 'pos':Position([ -.00000188972616356109, -1.30701303835463810610, -.82993560569125049227]), 'crg':'0.0', 'pol':Polarizability(noniso =[ [0.0010000000033,-1.09358435542e-06,-1.44974665703e-06], [-1.09358435542e-06,0.363293014356,0.480285845189], [-1.44974665703e-06, 0.480285845189, 0.637706985641 ]])}
{'elname':'single', 'pos':Position([ 1.21297648500351111121, .11282704545849670016, -.00000094486308178054]), 'crg':'0.0', 'pol':Polarizability(noniso =[ [0.700451049902,-0.457733358666,2.72423036528e-06], [-0.457733358666,0.300548950088,-1.782785393e-06], [2.72423036528e-06, -1.782785393e-06, 0.00100000001061 ]])}
{'elname':'single', 'pos':Position([ -4.85176421055177736304, -1.30783884868811430272, .82999891151772978881]), 'crg':'0.0', 'pol':Polarizability(noniso =[ [0.00100040195751,-0.000381654049905,0.000505861224342], [-0.000381654049905,0.363376146126,-0.480309434676], [0.000505861224342, -0.480309434676, 0.637623451916 ]])}
{'elname':'single', 'pos':Position([ -4.85176326568869558249, -1.30783884868811430272, -.82999135261307554444]), 'crg':'0.0', 'pol':Polarizability(noniso =[ [0.0010004008066,-0.000381107268038,-0.000505136495376], [-0.000381107268038,0.363376146544,0.48030943523], [-0.000505136495376, 0.48030943523, 0.63762345265 ]])}
{'elname':'single', 'pos':Position([ -6.06475959281692408516, .11102424669845941964, .00000377945232712218]), 'crg':'0.0', 'pol':Polarizability(noniso =[ [0.701283496364,0.457368820087,0.0], [0.457368820087,0.299716503636,0.0], [0.0, 0.0, 0.001 ]])}
{'elname':'single', 'pos':Position([ 2.42611643132017025676, 1.53264823200999589551, .82998946288691198335]), 'crg':'0.0', 'pol':Polarizability(noniso =[ [0.00100002469728,-9.4586161053e-05,-0.000125403514053], [-9.4586161053e-05,0.363248047868,0.480272987674], [-0.000125403514053, 0.480272987674, 0.637751927435 ]])}
{'elname':'single', 'pos':Position([ 2.42611359673092491513, 1.53264634228383233442, -.83000174610697513044]), 'crg':'0.0', 'pol':Polarizability(noniso =[ [0.00100002384817,-9.29457267083e-05,0.000123229117966], [-9.29457267083e-05,0.363246128533,-0.480272439485], [0.000123229117966, -0.480272439485, 0.637753847618 ]])}
{'elname':'single', 'pos':Position([ 3.63852883306385838240, .11249161906446460656, -.00000850376773602490]), 'crg':'0.0', 'pol':Polarizability(noniso =[ [0.700135183207,0.457871208554,1.6343398642e-06], [0.457871208554,0.300864816789,1.07034688968e-06], [1.6343398642e-06, 1.07034688968e-06, 0.00100000000382 ]])}
{'elname':'single', 'pos':Position([ 4.85176326568869558249, -1.30783695896195074163, -.83000741528546581371]), 'crg':'0.0', 'pol':Polarizability(noniso =[ [0.00100040080689,0.000381106399358,0.000505137443417], [0.000381106399358,0.363374226997,0.480308887213], [0.000505137443417, 0.480308887213, 0.637625372196 ]])}
{'elname':'single', 'pos':Position([ 4.85176421055177736304, -1.30784073841427786381, .82998190398225773899]), 'crg':'0.0', 'pol':Polarizability(noniso =[ [0.0010004019578,0.000381655473573,-0.000505860433024], [0.000381655473573,0.363378591452,-0.480310132786], [-0.000505860433024, -0.480310132786, 0.63762100659 ]])}
{'elname':'single', 'pos':Position([ 6.06475959281692408516, .11102424669845941964, -.00000850376773602490]), 'crg':'0.0', 'pol':Polarizability(noniso =[ [0.701283496361,-0.457368820085,-1.63556878721e-06], [-0.457368820085,0.299716503635,1.06822189907e-06], [-1.63556878721e-06, 1.06822189907e-06, 0.00100000000382 ]])}
{'elname':'single', 'pos':Position([ 7.27829543676484927921, 1.52888389749218220286, .82957655772017388504]), 'crg':'0.0', 'pol':Polarizability(noniso =[ [0.00100001312173,6.89079218877e-05,9.14347006398e-05], [6.89079218877e-05,0.362865576687,0.480163525032], [9.14347006398e-05, 0.480163525032, 0.638134410191 ]])}
{'elname':'single', 'pos':Position([ 7.27830299566950352358, 1.52887822831369151958, -.82959262039256415431]), 'crg':'0.0', 'pol':Polarizability(noniso =[ [0.00100001150837,6.45321858312e-05,-8.56297511063e-05], [6.45321858312e-05,0.362858763219,-0.48016157257], [-8.56297511063e-05, -0.48016157257, 0.638141225272 ]])}
{'elname':'single', 'pos':Position([ 8.48406072672821126835, .10227670428733513084, .00000188972616356109]), 'crg':'0.0', 'pol':Polarizability(noniso =[ [0.693862778333,0.460555193149,-4.34396385792e-06], [0.460555193149,0.307137221639,-2.88749111105e-06], [-4.34396385792e-06, -2.88749111105e-06, 0.00100000002723 ]])}
{'elname':'single', 'pos':Position([ -7.27829732649101284030, 1.52888389749218220286, -.82957939230941922667]), 'crg':'0.0', 'pol':Polarizability(noniso =[ [0.00100001270845,-6.78140468576e-05,8.99833279823e-05], [-6.78140468576e-05,0.36286505112,-0.480163374538], [8.99833279823e-05, -0.480163374538, 0.638134936172 ]])}
{'elname':'single', 'pos':Position([ -7.27830205080642174303, 1.52887917317677330013, .82958978580331881267]), 'crg':'0.0', 'pol':Polarizability(noniso =[ [0.00100001170425,-6.50791903988e-05,-8.63553595013e-05], [-6.50791903988e-05,0.36285998644,0.480161923138], [-8.63553595013e-05, 0.480161923138, 0.638140001856 ]])}
{'elname':'single', 'pos':Position([ -8.48406072672821126835, .10227670428733513084, -.00000094486308178054]), 'crg':'0.0', 'pol':Polarizability(noniso =[ [0.693862778345,-0.460555193156,-2.71497741124e-06], [-0.460555193156,0.307137221644,1.80468194444e-06], [-2.71497741124e-06, 1.80468194444e-06, 0.00100000001064 ]])}
{'elname':'single', 'pos':Position([ 9.73263020402239552270, -1.31074524752767126020, -.83583155132156109522]), 'crg':'0.0', 'pol':Polarizability(noniso =[ [0.00271287949653,0.0244067983786,0.0333547725786], [0.0244067983786,0.348772162781,0.475271734491], [0.0333547725786, 0.475271734491, 0.650514957722 ]])}
{'elname':'single', 'pos':Position([ 10.53908879672064480479, -.10654937514314675688, .00001417294622670817]), 'crg':'0.0', 'pol':Polarizability(noniso =[ [0.67294215501,-0.468789881676,-3.73738471239e-06], [-0.468789881676,0.328057844969,2.60743893509e-06], [-3.73738471239e-06, 2.60743893509e-06, 0.00100000002079 ]])}
{'elname':'single', 'pos':Position([ 9.73262075539157771725, -1.31074430266458947966, .83585233830936026722]), 'crg':'0.0', 'pol':Polarizability(noniso =[ [0.00271212357255,0.024401360975,-0.0333474686359], [0.024401360975,0.348770702405,-0.475271547469], [-0.0333474686359, -0.475271547469, 0.650517174023 ]])}
{'elname':'single', 'pos':Position([ -9.73262642457006840052, -1.31074808211691660184, .83583344104772465631]), 'crg':'0.0', 'pol':Polarizability(noniso =[ [0.00271257789253,-0.0244047627972,0.0333517607393], [-0.0244047627972,0.348775391582,-0.475272869784], [0.0333517607393, -0.475272869784, 0.650512030526 ]])}
{'elname':'single', 'pos':Position([ -10.53908879672064480479, -.10654937514314675688, -.00000566917849068327]), 'crg':'0.0', 'pol':Polarizability(noniso =[ [0.672942155024,0.468789881685,0.0], [0.468789881685,0.328057844976,0.0], [0.0, 0.0, 0.001 ]])}
{'elname':'single', 'pos':Position([ -9.73262453484390483943, -1.31074146807534413802, -.83585044858319670613]), 'crg':'0.0', 'pol':Polarizability(noniso =[ [0.00271242513639,-0.0244033965559,-0.0333504804755], [-0.0244033965559,0.348767473631,0.475270412164], [-0.0333504804755, 0.475270412164, 0.650520101233 ]])}
