{'elname':'C', 'pos':Position([ -1.56001052199527870815, .20001617605596008293, 4.52466961917482461451]), 'crg':0., 'pol':Polarizability(iso=1.0)}
{'elname':'C', 'pos':Position([ -.15649200305682104217, 1.81198471891835097959, 3.04172590958189430685]), 'crg':0., 'pol':Polarizability(iso=1.0)}
{'elname':'C', 'pos':Position([ .44157231263932006140, 1.17787009719995494892, .50134246146659379882]), 'crg':0., 'pol':Polarizability(iso=1.0)}
{'elname':'C', 'pos':Position([ 1.88566892148792502776, 2.79925325580920719940, -1.08028841756598734790]), 'crg':0., 'pol':Polarizability(iso=1.0)}
{'elname':'C', 'pos':Position([ -2.43323597464138666594, -2.12904108491446721438, 3.53325880253344248391]), 'crg':0., 'pol':Polarizability(iso=1.0)}
{'elname':'H', 'pos':Position([ -2.00345555326268781043, .70925202370774855757, 6.46426565619229248728]), 'crg':0., 'pol':Polarizability(iso=1.0)}
{'elname':'H', 'pos':Position([ .51697616601773470209, 3.60117178139950096111, 3.79693796331361215109]), 'crg':0., 'pol':Polarizability(iso=1.0)}
{'elname':'H', 'pos':Position([ 2.55382507031671054610, 4.58679436680189547093, -.31628724744754687087]), 'crg':0., 'pol':Polarizability(iso=1.0)}
{'elname':'H', 'pos':Position([ -3.54040763661019408999, -3.38702234336626748091, 4.72083831276177431680]), 'crg':0., 'pol':Polarizability(iso=1.0)}
{'elname':'C', 'pos':Position([ 1.56001052199527870815, -.20001617605596008293, -4.52466961917482461451]), 'crg':0., 'pol':Polarizability(iso=1.0)}
{'elname':'C', 'pos':Position([ .15649200305682104217, -1.81198471891835097959, -3.04172590958189430685]), 'crg':0., 'pol':Polarizability(iso=1.0)}
{'elname':'C', 'pos':Position([ -.44157231263932006140, -1.17787009719995494892, -.50134246146659379882]), 'crg':0., 'pol':Polarizability(iso=1.0)}
{'elname':'C', 'pos':Position([ -1.88566892148792502776, -2.79925325580920719940, 1.08028841756598734790]), 'crg':0., 'pol':Polarizability(iso=1.0)}
{'elname':'C', 'pos':Position([ 2.43323597464138666594, 2.12904108491446721438, -3.53325880253344248391]), 'crg':0., 'pol':Polarizability(iso=1.0)}
{'elname':'H', 'pos':Position([ 2.00345555326268781043, -.70925202370774855757, -6.46426565619229248728]), 'crg':0., 'pol':Polarizability(iso=1.0)}
{'elname':'H', 'pos':Position([ -.51697616601773470209, -3.60117178139950096111, -3.79693796331361215109]), 'crg':0., 'pol':Polarizability(iso=1.0)}
{'elname':'H', 'pos':Position([ -2.55382507031671054610, -4.58679436680189547093, .31628724744754687087]), 'crg':0., 'pol':Polarizability(iso=1.0)}
{'elname':'H', 'pos':Position([ 3.54040763661019408999, 3.38702234336626748091, -4.72083831276177431680]), 'crg':0., 'pol':Polarizability(iso=1.0)}
{'elname':'pi', 'pos':Position([ -.85825126252604987516, 1.00600044748715553126, 3.78319776437835946068]), 'crg':'0.0', 'pol':Polarizability(noniso =[ [0.291789073502,-0.333976953469,0.307244843263], [-0.333976953469,0.384579080553,-0.352876727748], [0.307244843263, -0.352876727748, 0.325631845945 ]])}
{'elname':'pi', 'pos':Position([ -1.99662324831833268704, -.96451245442925356572, 4.02896421085413354921]), 'crg':'0.0', 'pol':Polarizability(noniso =[ [0.107243800455,-0.283372288489,-0.120623205214], [-0.283372288489,0.756807431017,0.321724877686], [-0.120623205214, 0.321724877686, 0.137948768528 ]])}
{'elname':'single', 'pos':Position([ -1.78173303762898325929, .45463409988185432025, 5.49446763768355855089]), 'crg':'0.0', 'pol':Polarizability(noniso =[ [0.0475734878858,0.0534832682956,0.203709019527], [0.0534832682956,0.0624182041636,0.233931892159], [0.203709019527, 0.233931892159, 0.892008307951 ]])}
{'elname':'pi', 'pos':Position([ .14254015479124950961, 1.49492740805915296425, 1.77153418552424405283]), 'crg':'0.0', 'pol':Polarizability(noniso =[ [0.0505365147318,0.0525224921066,0.210415065402], [0.0525224921066,0.0566884591502,0.223098529873], [0.210415065402, 0.223098529873, 0.894775026118 ]])}
{'elname':'single', 'pos':Position([ .18024208148045682996, 2.70657825015892597035, 3.41933193644775322897]), 'crg':'0.0', 'pol':Polarizability(noniso =[ [0.108241569501,-0.284906158186,-0.120258283416], [-0.284906158186,0.757903496936,0.319487356233], [-0.120258283416, 0.319487356233, 0.135854933563 ]])}
{'elname':'pi', 'pos':Position([ 1.16362061706362254458, 1.98856167650458107416, -.28947297804969677454]), 'crg':'0.0', 'pol':Polarizability(noniso =[ [0.289715573705,-0.32416014688,0.316212546883], [-0.32416014688,0.364956122896,-0.355032824615], [0.316212546883, -0.355032824615, 0.3473283034 ]])}
{'elname':'single', 'pos':Position([ 0, 0, 0]), 'crg':'0.0', 'pol':Polarizability(noniso =[ [0.107227973811,-0.283357335269,-0.120606732675], [-0.283357335269,0.756840261,0.321711891512], [-0.120606732675, 0.321711891512, 0.137931765189 ]])}
{'elname':'single', 'pos':Position([ 2.21974699590231778693, 3.69302381130555133516, -.69828783250676710938]), 'crg':'0.0', 'pol':Polarizability(noniso =[ [0.106548032096,-0.28237627819,-0.120688584796], [-0.28237627819,0.75645096295,0.322882319244], [-0.120688584796, 0.322882319244, 0.139001004954 ]])}
{'elname':'pi', 'pos':Position([ 2.15945244806465584685, 2.46414717036183720689, -2.30677361004971491590]), 'crg':'0.0', 'pol':Polarizability(noniso =[ [0.0452693476895,0.0541848810081,0.198316166429], [0.0541848810081,0.0673213144783,0.242735401373], [0.198316166429, 0.242735401373, 0.889409337832 ]])}
{'elname':'single', 'pos':Position([ -2.98682180562579037796, -2.75803171414036734764, 4.12704855764760840035]), 'crg':'0.0', 'pol':Polarizability(noniso =[ [0.291280385935,-0.329819934654,0.311361869526], [-0.329819934654,0.375745227602,-0.353772960341], [0.311361869526, -0.353772960341, 0.334974386463 ]])}
{'elname':'pi', 'pos':Position([ -2.15945244806465584685, -2.46414717036183720689, 2.30677361004971491590]), 'crg':'0.0', 'pol':Polarizability(noniso =[ [0.0452693476895,0.0541848810081,0.198316166429], [0.0541848810081,0.0673213144783,0.242735401373], [0.198316166429, 0.242735401373, 0.889409337832 ]])}
{'elname':'pi', 'pos':Position([ .85825126252604987516, -1.00600044748715553126, -3.78319776437835946068]), 'crg':'0.0', 'pol':Polarizability(noniso =[ [0.291789073502,-0.333976953469,0.307244843263], [-0.333976953469,0.384579080553,-0.352876727748], [0.307244843263, -0.352876727748, 0.325631845945 ]])}
{'elname':'pi', 'pos':Position([ 1.99662324831833268704, .96451245442925356572, -4.02896421085413354921]), 'crg':'0.0', 'pol':Polarizability(noniso =[ [0.107243800455,-0.283372288489,-0.120623205214], [-0.283372288489,0.756807431017,0.321724877686], [-0.120623205214, 0.321724877686, 0.137948768528 ]])}
{'elname':'single', 'pos':Position([ 1.78173303762898325929, -.45463409988185432025, -5.49446763768355855089]), 'crg':'0.0', 'pol':Polarizability(noniso =[ [0.0475734878858,0.0534832682956,0.203709019527], [0.0534832682956,0.0624182041636,0.233931892159], [0.203709019527, 0.233931892159, 0.892008307951 ]])}
{'elname':'pi', 'pos':Position([ -.14254015479124950961, -1.49492740805915296425, -1.77153418552424405283]), 'crg':'0.0', 'pol':Polarizability(noniso =[ [0.0505365147318,0.0525224921066,0.210415065402], [0.0525224921066,0.0566884591502,0.223098529873], [0.210415065402, 0.223098529873, 0.894775026118 ]])}
{'elname':'single', 'pos':Position([ -.18024208148045682996, -2.70657825015892597035, -3.41933193644775322897]), 'crg':'0.0', 'pol':Polarizability(noniso =[ [0.108241569501,-0.284906158186,-0.120258283416], [-0.284906158186,0.757903496936,0.319487356233], [-0.120258283416, 0.319487356233, 0.135854933563 ]])}
{'elname':'pi', 'pos':Position([ -1.16362061706362254458, -1.98856167650458107416, .28947297804969677454]), 'crg':'0.0', 'pol':Polarizability(noniso =[ [0.289715573705,-0.32416014688,0.316212546883], [-0.32416014688,0.364956122896,-0.355032824615], [0.316212546883, -0.355032824615, 0.3473283034 ]])}
{'elname':'single', 'pos':Position([ -2.21974699590231778693, -3.69302381130555133516, .69828783250676710938]), 'crg':'0.0', 'pol':Polarizability(noniso =[ [0.106548032096,-0.28237627819,-0.120688584796], [-0.28237627819,0.75645096295,0.322882319244], [-0.120688584796, 0.322882319244, 0.139001004954 ]])}
{'elname':'single', 'pos':Position([ 2.98682180562579037796, 2.75803171414036734764, -4.12704855764760840035]), 'crg':'0.0', 'pol':Polarizability(noniso =[ [0.291280385935,-0.329819934654,0.311361869526], [-0.329819934654,0.375745227602,-0.353772960341], [0.311361869526, -0.353772960341, 0.334974386463 ]])}
