{'elname':'C', 'pos':Position([ -.38098769183555149390, -.45202249832381289292, 2.46104707459051523761]), 'crg':0., 'pol':Polarizability(iso=1.0)}
{'elname':'C', 'pos':Position([ -.12532663916737153452, -2.48612374078097091106, .80955868846957125136]), 'crg':0., 'pol':Polarizability(iso=1.0)}
{'elname':'C', 'pos':Position([ -.24061883240623367749, 2.01150011754096737349, 1.55433756405226831390]), 'crg':0., 'pol':Polarizability(iso=1.0)}
{'elname':'C', 'pos':Position([ -.73691761474228292526, -1.01705062122857900907, 4.76016351422548061405]), 'crg':0., 'pol':Polarizability(iso=1.0)}
{'elname':'C', 'pos':Position([ -.26569549859668935093, -5.13045535597527633465, 1.71624930174618256417]), 'crg':0., 'pol':Polarizability(iso=1.0)}
{'elname':'C', 'pos':Position([ -.47622989047903046465, 4.09080360983050668093, 3.07630411892273514429]), 'crg':0., 'pol':Polarizability(iso=1.0)}
{'elname':'C', 'pos':Position([ -.97753644714851660275, .99444949631238836442, 6.31451997553938453886]), 'crg':0., 'pol':Polarizability(iso=1.0)}
{'elname':'C', 'pos':Position([ -.01504222026194628188, -7.14195547351624370815, .09715082206867567234]), 'crg':0., 'pol':Polarizability(iso=1.0)}
{'elname':'C', 'pos':Position([ -.83716758771919878634, 3.41276986234478734155, 5.40781046500113761515]), 'crg':0., 'pol':Polarizability(iso=1.0)}
{'elname':'C', 'pos':Position([ -.34088770264478514947, 6.59952847552766823665, 2.20198451482792531499]), 'crg':0., 'pol':Polarizability(iso=1.0)}
{'elname':'C', 'pos':Position([ -1.09284753764901435662, 5.58247785429908922757, 7.05929885112208160139]), 'crg':0., 'pol':Polarizability(iso=1.0)}
{'elname':'C', 'pos':Position([ -.60155652964640199917, 8.56582634323625432085, 3.88586280739230639566]), 'crg':0., 'pol':Polarizability(iso=1.0)}
{'elname':'O', 'pos':Position([ -.95247867821969654021, 8.02339934524767884935, 6.15260823784547028859]), 'crg':0., 'pol':Polarizability(iso=1.0)}
{'elname':'O', 'pos':Position([ -1.40365079976990694232, 4.94964635664575117748, 9.06700061907429118261]), 'crg':0., 'pol':Polarizability(iso=1.0)}
{'elname':'O', 'pos':Position([ -.50130655666948613810, 10.87114108468770007475, 3.23821585661664939456]), 'crg':0., 'pol':Polarizability(iso=1.0)}
{'elname':'C', 'pos':Position([ .24061883240623367749, -2.01150011754096737349, -1.55433756405226831390]), 'crg':0., 'pol':Polarizability(iso=1.0)}
{'elname':'C', 'pos':Position([ .38098769183555149390, .45202249832381289292, -2.46104707459051523761]), 'crg':0., 'pol':Polarizability(iso=1.0)}
{'elname':'C', 'pos':Position([ .12532663916737153452, 2.48612374078097091106, -.80955868846957125136]), 'crg':0., 'pol':Polarizability(iso=1.0)}
{'elname':'C', 'pos':Position([ .01504222026194628188, 7.14195547351624370815, -.09715082206867567234]), 'crg':0., 'pol':Polarizability(iso=1.0)}
{'elname':'C', 'pos':Position([ .26569549859668935093, 5.13045535597527633465, -1.71624930174618256417]), 'crg':0., 'pol':Polarizability(iso=1.0)}
{'elname':'C', 'pos':Position([ .73691761474228292526, 1.01705062122857900907, -4.76016351422548061405]), 'crg':0., 'pol':Polarizability(iso=1.0)}
{'elname':'C', 'pos':Position([ .97753644714851660275, -.99444949631238836442, -6.31451997553938453886]), 'crg':0., 'pol':Polarizability(iso=1.0)}
{'elname':'C', 'pos':Position([ .83716758771919878634, -3.41276986234478734155, -5.40781046500113761515]), 'crg':0., 'pol':Polarizability(iso=1.0)}
{'elname':'C', 'pos':Position([ .47622989047903046465, -4.09080360983050668093, -3.07630411892273514429]), 'crg':0., 'pol':Polarizability(iso=1.0)}
{'elname':'C', 'pos':Position([ .34088770264478514947, -6.59952847552766823665, -2.20198451482792531499]), 'crg':0., 'pol':Polarizability(iso=1.0)}
{'elname':'C', 'pos':Position([ .60155652964640199917, -8.56582634323625432085, -3.88586280739230639566]), 'crg':0., 'pol':Polarizability(iso=1.0)}
{'elname':'O', 'pos':Position([ .95247867821969654021, -8.02339934524767884935, -6.15260823784547028859]), 'crg':0., 'pol':Polarizability(iso=1.0)}
{'elname':'C', 'pos':Position([ 1.09284753764901435662, -5.58247785429908922757, -7.05929885112208160139]), 'crg':0., 'pol':Polarizability(iso=1.0)}
{'elname':'O', 'pos':Position([ 1.40365079976990694232, -4.94964635664575117748, -9.06700061907429118261]), 'crg':0., 'pol':Polarizability(iso=1.0)}
{'elname':'O', 'pos':Position([ .50130655666948613810, -10.87114108468770007475, -3.23821585661664939456]), 'crg':0., 'pol':Polarizability(iso=1.0)}
{'elname':'H', 'pos':Position([ .11502101753439112645, 9.05544418769364968861, -.74296587230137655212]), 'crg':0., 'pol':Polarizability(iso=1.0)}
{'elname':'H', 'pos':Position([ .57032823787570590720, 5.48206196336501270273, -3.68401038442321400090]), 'crg':0., 'pol':Polarizability(iso=1.0)}
{'elname':'H', 'pos':Position([ .83847168774467229502, 2.92701594097402533593, -5.41608387511782442629]), 'crg':0., 'pol':Polarizability(iso=1.0)}
{'elname':'H', 'pos':Position([ 1.28337369788418699823, -.69127675946733910682, -8.29013683885095578569]), 'crg':0., 'pol':Polarizability(iso=1.0)}
{'elname':'H', 'pos':Position([ -.11502101753439112645, -9.05544418769364968861, .74296587230137655212]), 'crg':0., 'pol':Polarizability(iso=1.0)}
{'elname':'H', 'pos':Position([ -.57032823787570590720, -5.48206196336501270273, 3.68401038442321400090]), 'crg':0., 'pol':Polarizability(iso=1.0)}
{'elname':'H', 'pos':Position([ -.83847168774467229502, -2.92701594097402533593, 5.41608387511782442629]), 'crg':0., 'pol':Polarizability(iso=1.0)}
{'elname':'H', 'pos':Position([ -1.28337369788418699823, .69127675946733910682, 8.29013683885095578569]), 'crg':0., 'pol':Polarizability(iso=1.0)}
{'elname':'pi', 'pos':Position([ -.25315716550146151421, -1.46907311955239190199, 1.63530288153004324448]), 'crg':'0.0', 'pol':Polarizability(noniso =[ [0.0104219288664,0.0749631475486,0.0608626379943], [0.0749631475486,0.59742495396,0.484237885558], [0.0608626379943, 0.484237885558, 0.394153117173 ]])}
{'elname':'pi', 'pos':Position([ -.31080326212089258569, .77973880960857724028, 2.00769231932139177575]), 'crg':'0.0', 'pol':Polarizability(noniso =[ [0.003848266614,-0.0499880760457,0.0183983145404], [-0.0499880760457,0.878308231775,-0.32289686009], [0.0183983145404, -0.32289686009, 0.119843501611 ]])}
{'elname':'double', 'pos':Position([ -.55895265328891720958, -.73453655977619595099, 3.61060529440799792583]), 'crg':'0.0', 'pol':Polarizability(noniso =[ [0.0230799178503,-0.0350512101791,0.142624429272], [-0.0350512101791,0.0566427493685,-0.226412022046], [0.142624429272, -0.226412022046, 0.922277332781 ]])}
{'elname':'single', 'pos':Position([ -.19551106888203044272, -3.80828954837812362285, 1.26290399510787690776]), 'crg':'0.0', 'pol':Polarizability(noniso =[ [0.00351251050876,-0.0473318013612,0.0162291672335], [-0.0473318013612,0.892657731298,-0.305732341049], [0.0162291672335, -0.305732341049, 0.105829758193 ]])}
{'elname':'double', 'pos':Position([ .05764609661943107148, -2.24881192916096914227, -.37238943779134853127]), 'crg':'0.0', 'pol':Polarizability(noniso =[ [0.023495025528,-0.0291755776484,0.145311011275], [-0.0291755776484,0.0388401140313,-0.188465342586], [0.145311011275, -0.188465342586, 0.939664860441 ]])}
{'elname':'double', 'pos':Position([ -.35842436144263207107, 3.05115186368573702721, 2.31532084148750172909]), 'crg':'0.0', 'pol':Polarizability(noniso =[ [0.00928286234146,0.0730975223898,0.0535044473949], [0.0730975223898,0.64609677443,0.472184901809], [0.0535044473949, 0.472184901809, 0.346620363229 ]])}
{'elname':'double', 'pos':Position([ -.05764609661943107148, 2.24881192916096914227, .37238943779134853127]), 'crg':'0.0', 'pol':Polarizability(noniso =[ [0.023495025528,-0.0291755776484,0.145311011275], [-0.0291755776484,0.0388401140313,-0.188465342586], [0.145311011275, -0.188465342586, 0.939664860441 ]])}
{'elname':'double', 'pos':Position([ -.85722703094539976400, -.01130056245809532232, 5.53734174488243257645]), 'crg':'0.0', 'pol':Polarizability(noniso =[ [0.00987101912317,0.0741590166926,0.0573052647403], [0.0741590166926,0.620946781813,0.479054551167], [0.0573052647403, 0.479054551167, 0.371182199064 ]])}
{'elname':'single', 'pos':Position([ -.78769465124347761014, -1.97203328110130217250, 5.08812369467165252017]), 'crg':'0.0', 'pol':Polarizability(noniso =[ [0.00351996712439,-0.0473939613862,0.0162760359757], [-0.0473939613862,0.89235590466,-0.306109477813], [0.0162760359757, -0.306109477813, 0.106124128215 ]])}
{'elname':'double', 'pos':Position([ -.14036885942931781640, -6.13620541474576002140, .90670006190742911825]), 'crg':'0.0', 'pol':Polarizability(noniso =[ [0.0103254292287,0.0748368507858,0.0602377450911], [0.0748368507858,0.601567984397,0.483409720935], [0.0602377450911, 0.483409720935, 0.390106586374 ]])}
{'elname':'single', 'pos':Position([ -.41801186823619762906, -5.30625865967014451869, 2.70012984308469828253]), 'crg':'0.0', 'pol':Polarizability(noniso =[ [0.0236753168257,-0.0261718134415,0.146470159749], [-0.0261718134415,0.0312074640932,-0.16905561784], [0.146470159749, -0.16905561784, 0.947117219081 ]])}
{'elname':'double', 'pos':Position([ -.65669873909911462549, 3.75178673608764701124, 4.24205729196193637972]), 'crg':'0.0', 'pol':Polarizability(noniso =[ [0.0225976283402,-0.040571879835,0.139511632951], [-0.040571879835,0.0772156569884,-0.262077350276], [0.139511632951, -0.262077350276, 0.902186714671 ]])}
{'elname':'pi', 'pos':Position([ -.40855879656190780706, 5.34516604267908745879, 2.63914431687533022964]), 'crg':'0.0', 'pol':Polarizability(noniso =[ [0.00358592701725,-0.0479331649123,0.0167052618412], [-0.0479331649123,0.889496961895,-0.309651457832], [0.0167052618412, -0.309651457832, 0.108917111088 ]])}
{'elname':'double', 'pos':Position([ -.90735201743385769454, 2.20360967932858785298, 5.86116522027026107700]), 'crg':'0.0', 'pol':Polarizability(noniso =[ [0.00394221556957,-0.0506894468052,0.0190051757194], [-0.0506894468052,0.874294276596,-0.327427348837], [0.0190051757194, -0.327427348837, 0.123763507834 ]])}
{'elname':'single', 'pos':Position([ -1.13045507251635180049, .84286312788986373562, 7.30232840719517016227]), 'crg':'0.0', 'pol':Polarizability(noniso =[ [0.023854986045,-0.0226558689405,0.147636351467], [-0.0226558689405,0.0234584865833,-0.146350114724], [0.147636351467, -0.146350114724, 0.954686527372 ]])}
{'elname':'double', 'pos':Position([ .16292274119141943379, -6.87074197452195597240, -1.05241684637962482132]), 'crg':'0.0', 'pol':Polarizability(noniso =[ [0.0231764207288,-0.033796229392,0.143248963524], [-0.033796229392,0.0525044846546,-0.218307313458], [0.143248963524, -0.218307313458, 0.926319094617 ]])}
{'elname':'single', 'pos':Position([ -.06503161889816870416, -8.09869983060494669838, .42005834718502611223]), 'crg':'0.0', 'pol':Polarizability(noniso =[ [0.00344239576466,-0.0467448785015,0.0157767045261], [-0.0467448785015,0.895647664288,-0.301949482102], [0.0157767045261, -0.301949482102, 0.102909939947 ]])}
{'elname':'single', 'pos':Position([ -.96500756268410657148, 4.49762385832193828456, 6.23355465806160960827]), 'crg':'0.0', 'pol':Polarizability(noniso =[ [0.00970709562483,0.0738886837591,0.0562408875049], [0.0738886837591,0.628021664042,0.477261917203], [0.0562408875049, 0.477261917203, 0.364271240334 ]])}
{'elname':'double', 'pos':Position([ -.47122211614559357432, 7.58267740938196127875, 3.04392366111011585532]), 'crg':'0.0', 'pol':Polarizability(noniso =[ [0.0110270428655,0.0756367887663,0.0647730686253], [0.0756367887663,0.571549452277,0.488601372814], [0.0647730686253, 0.488601372814, 0.419423504857 ]])}
{'elname':'double', 'pos':Position([ -.16292274119141943379, 6.87074197452195597240, 1.05241684637962482132]), 'crg':'0.0', 'pol':Polarizability(noniso =[ [0.0231764207288,-0.033796229392,0.143248963524], [-0.033796229392,0.0525044846546,-0.218307313458], [0.143248963524, -0.218307313458, 0.926319094617 ]])}
{'elname':'single', 'pos':Position([ -1.02266310793435544841, 6.80293859977338403846, 6.60595354448377594499]), 'crg':'0.0', 'pol':Polarizability(noniso =[ [0.00389471096546,-0.0503371063525,0.0186979310881], [-0.0503371063525,0.876328938253,-0.325144636886], [0.0186979310881, -0.325144636886, 0.121776350782 ]])}
{'elname':'triple', 'pos':Position([ -1.24824916870946064947, 5.26606210547242020252, 8.06314973509818639200]), 'crg':'0.0', 'pol':Polarizability(noniso =[ [0.0223125732351,-0.0433948715569,0.137673236348], [-0.0433948715569,0.0893569926854,-0.280318680539], [0.137673236348, -0.280318680539, 0.89033043408 ]])}
{'elname':'double', 'pos':Position([ -.77701760393304926969, 8.29461284424196658510, 5.01923552261888834212]), 'crg':'0.0', 'pol':Polarizability(noniso =[ [0.0231443660042,-0.0342289650934,0.143039248604], [-0.0342289650934,0.0539083583221,-0.221098470216], [0.143039248604, -0.221098470216, 0.924947275674 ]])}
{'elname':'double', 'pos':Position([ -.55143154315794406863, 9.71848371396197719780, 3.56203933200447789511]), 'crg':'0.0', 'pol':Polarizability(noniso =[ [0.00274792039791,-0.0401945909862,0.0112921258958], [-0.0401945909862,0.925301327726,-0.259669938224], [0.0112921258958, -0.259669938224, 0.0739507518757 ]])}
{'elname':'pi', 'pos':Position([ .31080326212089258569, -.77973880960857724028, -2.00769231932139177575]), 'crg':'0.0', 'pol':Polarizability(noniso =[ [0.003848266614,-0.0499880760457,0.0183983145404], [-0.0499880760457,0.878308231775,-0.32289686009], [0.0183983145404, -0.32289686009, 0.119843501611 ]])}
{'elname':'double', 'pos':Position([ .35842436144263207107, -3.05115186368573702721, -2.31532084148750172909]), 'crg':'0.0', 'pol':Polarizability(noniso =[ [0.00928286234146,0.0730975223898,0.0535044473949], [0.0730975223898,0.64609677443,0.472184901809], [0.0535044473949, 0.472184901809, 0.346620363229 ]])}
{'elname':'pi', 'pos':Position([ .25315716550146151421, 1.46907311955239190199, -1.63530288153004324448]), 'crg':'0.0', 'pol':Polarizability(noniso =[ [0.0104219288664,0.0749631475486,0.0608626379943], [0.0749631475486,0.59742495396,0.484237885558], [0.0608626379943, 0.484237885558, 0.394153117173 ]])}
{'elname':'double', 'pos':Position([ .55895265328891720958, .73453655977619595099, -3.61060529440799792583]), 'crg':'0.0', 'pol':Polarizability(noniso =[ [0.0230799178503,-0.0350512101791,0.142624429272], [-0.0350512101791,0.0566427493685,-0.226412022046], [0.142624429272, -0.226412022046, 0.922277332781 ]])}
{'elname':'single', 'pos':Position([ .19551106888203044272, 3.80828954837812362285, -1.26290399510787690776]), 'crg':'0.0', 'pol':Polarizability(noniso =[ [0.00351251050876,-0.0473318013612,0.0162291672335], [-0.0473318013612,0.892657731298,-0.305732341049], [0.0162291672335, -0.305732341049, 0.105829758193 ]])}
{'elname':'double', 'pos':Position([ .14036885942931781640, 6.13620541474576002140, -.90670006190742911825]), 'crg':'0.0', 'pol':Polarizability(noniso =[ [0.0103254292287,0.0748368507858,0.0602377450911], [0.0748368507858,0.601567984397,0.483409720935], [0.0602377450911, 0.483409720935, 0.390106586374 ]])}
{'elname':'single', 'pos':Position([ .06503161889816870416, 8.09869983060494669838, -.42005834718502611223]), 'crg':'0.0', 'pol':Polarizability(noniso =[ [0.00344239576466,-0.0467448785015,0.0157767045261], [-0.0467448785015,0.895647664288,-0.301949482102], [0.0157767045261, -0.301949482102, 0.102909939947 ]])}
{'elname':'single', 'pos':Position([ .41801186823619762906, 5.30625865967014451869, -2.70012984308469828253]), 'crg':'0.0', 'pol':Polarizability(noniso =[ [0.0236753168257,-0.0261718134415,0.146470159749], [-0.0261718134415,0.0312074640932,-0.16905561784], [0.146470159749, -0.16905561784, 0.947117219081 ]])}
{'elname':'double', 'pos':Position([ .85722703094539976400, .01130056245809532232, -5.53734174488243257645]), 'crg':'0.0', 'pol':Polarizability(noniso =[ [0.00987101912317,0.0741590166926,0.0573052647403], [0.0741590166926,0.620946781813,0.479054551167], [0.0573052647403, 0.479054551167, 0.371182199064 ]])}
{'elname':'single', 'pos':Position([ .78769465124347761014, 1.97203328110130217250, -5.08812369467165252017]), 'crg':'0.0', 'pol':Polarizability(noniso =[ [0.00351996712439,-0.0473939613862,0.0162760359757], [-0.0473939613862,0.89235590466,-0.306109477813], [0.0162760359757, -0.306109477813, 0.106124128215 ]])}
{'elname':'double', 'pos':Position([ .90735201743385769454, -2.20360967932858785298, -5.86116522027026107700]), 'crg':'0.0', 'pol':Polarizability(noniso =[ [0.00394221556957,-0.0506894468052,0.0190051757194], [-0.0506894468052,0.874294276596,-0.327427348837], [0.0190051757194, -0.327427348837, 0.123763507834 ]])}
{'elname':'single', 'pos':Position([ 1.13045507251635180049, -.84286312788986373562, -7.30232840719517016227]), 'crg':'0.0', 'pol':Polarizability(noniso =[ [0.023854986045,-0.0226558689405,0.147636351467], [-0.0226558689405,0.0234584865833,-0.146350114724], [0.147636351467, -0.146350114724, 0.954686527372 ]])}
{'elname':'double', 'pos':Position([ .65669873909911462549, -3.75178673608764701124, -4.24205729196193637972]), 'crg':'0.0', 'pol':Polarizability(noniso =[ [0.0225976283402,-0.040571879835,0.139511632951], [-0.040571879835,0.0772156569884,-0.262077350276], [0.139511632951, -0.262077350276, 0.902186714671 ]])}
{'elname':'single', 'pos':Position([ .96500756268410657148, -4.49762385832193828456, -6.23355465806160960827]), 'crg':'0.0', 'pol':Polarizability(noniso =[ [0.00970709562483,0.0738886837591,0.0562408875049], [0.0738886837591,0.628021664042,0.477261917203], [0.0562408875049, 0.477261917203, 0.364271240334 ]])}
{'elname':'pi', 'pos':Position([ .40855879656190780706, -5.34516604267908745879, -2.63914431687533022964]), 'crg':'0.0', 'pol':Polarizability(noniso =[ [0.00358592701725,-0.0479331649123,0.0167052618412], [-0.0479331649123,0.889496961895,-0.309651457832], [0.0167052618412, -0.309651457832, 0.108917111088 ]])}
{'elname':'double', 'pos':Position([ .47122211614559357432, -7.58267740938196127875, -3.04392366111011585532]), 'crg':'0.0', 'pol':Polarizability(noniso =[ [0.0110270428655,0.0756367887663,0.0647730686253], [0.0756367887663,0.571549452277,0.488601372814], [0.0647730686253, 0.488601372814, 0.419423504857 ]])}
{'elname':'double', 'pos':Position([ .77701760393304926969, -8.29461284424196658510, -5.01923552261888834212]), 'crg':'0.0', 'pol':Polarizability(noniso =[ [0.0231443660042,-0.0342289650934,0.143039248604], [-0.0342289650934,0.0539083583221,-0.221098470216], [0.143039248604, -0.221098470216, 0.924947275674 ]])}
{'elname':'double', 'pos':Position([ .55143154315794406863, -9.71848371396197719780, -3.56203933200447789511]), 'crg':'0.0', 'pol':Polarizability(noniso =[ [0.00274792039791,-0.0401945909862,0.0112921258958], [-0.0401945909862,0.925301327726,-0.259669938224], [0.0112921258958, -0.259669938224, 0.0739507518757 ]])}
{'elname':'single', 'pos':Position([ 1.02266310793435544841, -6.80293859977338403846, -6.60595354448377594499]), 'crg':'0.0', 'pol':Polarizability(noniso =[ [0.00389471096546,-0.0503371063525,0.0186979310881], [-0.0503371063525,0.876328938253,-0.325144636886], [0.0186979310881, -0.325144636886, 0.121776350782 ]])}
{'elname':'triple', 'pos':Position([ 1.24824916870946064947, -5.26606210547242020252, -8.06314973509818639200]), 'crg':'0.0', 'pol':Polarizability(noniso =[ [0.0223125732351,-0.0433948715569,0.137673236348], [-0.0433948715569,0.0893569926854,-0.280318680539], [0.137673236348, -0.280318680539, 0.89033043408 ]])}
{'elname':'C', 'pos':Position([ -.38098769183555149390, -.45202249832381289292, 2.46104707459051523761]), 'crg':0., 'pol':Polarizability(iso=1.0)}
{'elname':'C', 'pos':Position([ -.12532663916737153452, -2.48612374078097091106, .80955868846957125136]), 'crg':0., 'pol':Polarizability(iso=1.0)}
{'elname':'C', 'pos':Position([ -.24061883240623367749, 2.01150011754096737349, 1.55433756405226831390]), 'crg':0., 'pol':Polarizability(iso=1.0)}
{'elname':'C', 'pos':Position([ -.73691761474228292526, -1.01705062122857900907, 4.76016351422548061405]), 'crg':0., 'pol':Polarizability(iso=1.0)}
{'elname':'C', 'pos':Position([ -.26569549859668935093, -5.13045535597527633465, 1.71624930174618256417]), 'crg':0., 'pol':Polarizability(iso=1.0)}
{'elname':'C', 'pos':Position([ -.47622989047903046465, 4.09080360983050668093, 3.07630411892273514429]), 'crg':0., 'pol':Polarizability(iso=1.0)}
{'elname':'C', 'pos':Position([ -.97753644714851660275, .99444949631238836442, 6.31451997553938453886]), 'crg':0., 'pol':Polarizability(iso=1.0)}
{'elname':'C', 'pos':Position([ -.01504222026194628188, -7.14195547351624370815, .09715082206867567234]), 'crg':0., 'pol':Polarizability(iso=1.0)}
{'elname':'C', 'pos':Position([ -.83716758771919878634, 3.41276986234478734155, 5.40781046500113761515]), 'crg':0., 'pol':Polarizability(iso=1.0)}
{'elname':'C', 'pos':Position([ -.34088770264478514947, 6.59952847552766823665, 2.20198451482792531499]), 'crg':0., 'pol':Polarizability(iso=1.0)}
{'elname':'C', 'pos':Position([ -1.09284753764901435662, 5.58247785429908922757, 7.05929885112208160139]), 'crg':0., 'pol':Polarizability(iso=1.0)}
{'elname':'C', 'pos':Position([ -.60155652964640199917, 8.56582634323625432085, 3.88586280739230639566]), 'crg':0., 'pol':Polarizability(iso=1.0)}
{'elname':'O', 'pos':Position([ -.95247867821969654021, 8.02339934524767884935, 6.15260823784547028859]), 'crg':0., 'pol':Polarizability(iso=1.0)}
{'elname':'O', 'pos':Position([ -1.40365079976990694232, 4.94964635664575117748, 9.06700061907429118261]), 'crg':0., 'pol':Polarizability(iso=1.0)}
{'elname':'O', 'pos':Position([ -.50130655666948613810, 10.87114108468770007475, 3.23821585661664939456]), 'crg':0., 'pol':Polarizability(iso=1.0)}
{'elname':'C', 'pos':Position([ .24061883240623367749, -2.01150011754096737349, -1.55433756405226831390]), 'crg':0., 'pol':Polarizability(iso=1.0)}
{'elname':'C', 'pos':Position([ .38098769183555149390, .45202249832381289292, -2.46104707459051523761]), 'crg':0., 'pol':Polarizability(iso=1.0)}
{'elname':'C', 'pos':Position([ .12532663916737153452, 2.48612374078097091106, -.80955868846957125136]), 'crg':0., 'pol':Polarizability(iso=1.0)}
{'elname':'C', 'pos':Position([ .01504222026194628188, 7.14195547351624370815, -.09715082206867567234]), 'crg':0., 'pol':Polarizability(iso=1.0)}
{'elname':'C', 'pos':Position([ .26569549859668935093, 5.13045535597527633465, -1.71624930174618256417]), 'crg':0., 'pol':Polarizability(iso=1.0)}
{'elname':'C', 'pos':Position([ .73691761474228292526, 1.01705062122857900907, -4.76016351422548061405]), 'crg':0., 'pol':Polarizability(iso=1.0)}
{'elname':'C', 'pos':Position([ .97753644714851660275, -.99444949631238836442, -6.31451997553938453886]), 'crg':0., 'pol':Polarizability(iso=1.0)}
{'elname':'C', 'pos':Position([ .83716758771919878634, -3.41276986234478734155, -5.40781046500113761515]), 'crg':0., 'pol':Polarizability(iso=1.0)}
{'elname':'C', 'pos':Position([ .47622989047903046465, -4.09080360983050668093, -3.07630411892273514429]), 'crg':0., 'pol':Polarizability(iso=1.0)}
{'elname':'C', 'pos':Position([ .34088770264478514947, -6.59952847552766823665, -2.20198451482792531499]), 'crg':0., 'pol':Polarizability(iso=1.0)}
{'elname':'C', 'pos':Position([ .60155652964640199917, -8.56582634323625432085, -3.88586280739230639566]), 'crg':0., 'pol':Polarizability(iso=1.0)}
{'elname':'O', 'pos':Position([ .95247867821969654021, -8.02339934524767884935, -6.15260823784547028859]), 'crg':0., 'pol':Polarizability(iso=1.0)}
{'elname':'C', 'pos':Position([ 1.09284753764901435662, -5.58247785429908922757, -7.05929885112208160139]), 'crg':0., 'pol':Polarizability(iso=1.0)}
{'elname':'O', 'pos':Position([ 1.40365079976990694232, -4.94964635664575117748, -9.06700061907429118261]), 'crg':0., 'pol':Polarizability(iso=1.0)}
{'elname':'O', 'pos':Position([ .50130655666948613810, -10.87114108468770007475, -3.23821585661664939456]), 'crg':0., 'pol':Polarizability(iso=1.0)}
{'elname':'H', 'pos':Position([ .11502101753439112645, 9.05544418769364968861, -.74296587230137655212]), 'crg':0., 'pol':Polarizability(iso=1.0)}
{'elname':'H', 'pos':Position([ .57032823787570590720, 5.48206196336501270273, -3.68401038442321400090]), 'crg':0., 'pol':Polarizability(iso=1.0)}
{'elname':'H', 'pos':Position([ .83847168774467229502, 2.92701594097402533593, -5.41608387511782442629]), 'crg':0., 'pol':Polarizability(iso=1.0)}
{'elname':'H', 'pos':Position([ 1.28337369788418699823, -.69127675946733910682, -8.29013683885095578569]), 'crg':0., 'pol':Polarizability(iso=1.0)}
{'elname':'H', 'pos':Position([ -.11502101753439112645, -9.05544418769364968861, .74296587230137655212]), 'crg':0., 'pol':Polarizability(iso=1.0)}
{'elname':'H', 'pos':Position([ -.57032823787570590720, -5.48206196336501270273, 3.68401038442321400090]), 'crg':0., 'pol':Polarizability(iso=1.0)}
{'elname':'H', 'pos':Position([ -.83847168774467229502, -2.92701594097402533593, 5.41608387511782442629]), 'crg':0., 'pol':Polarizability(iso=1.0)}
{'elname':'H', 'pos':Position([ -1.28337369788418699823, .69127675946733910682, 8.29013683885095578569]), 'crg':0., 'pol':Polarizability(iso=1.0)}
