{'elname':'pi', 'pos':Position([ -.28018308422963045270, -1.49957802414767680844, 1.80684277402730125182]), 'crg':'0.0', 'pol':Polarizability(noniso =[ [0.0103989673072,0.0749154087263,0.0607363917993], [0.0749154087263,0.598120756058,0.484105483879], [0.0607363917993, 0.484105483879, 0.393480276635 ]])}
{'elname':'pi', 'pos':Position([ -.33838476034114848485, .83186029178883746314, 2.18584530852803181996]), 'crg':'0.0', 'pol':Polarizability(noniso =[ [0.00420158024928,-0.0525843384252,0.0205673504693], [-0.0525843384252,0.864671197446,-0.337808342561], [0.0205673504693, -0.337808342561, 0.133127222305 ]])}
{'elname':'double', 'pos':Position([ -.61566333545738554117, -.58833600540612860871, 3.97151842520803995334]), 'crg':'0.0', 'pol':Polarizability(noniso =[ [0.024119807802,-0.018756126099,0.149031440358], [-0.018756126099,0.0162160549626,-0.120902929298], [0.149031440358, -0.120902929298, 0.961664137235 ]])}
{'elname':'single', 'pos':Position([ -.20901316232067443570, -3.82591691403182147681, 1.34672846827111976857]), 'crg':'0.0', 'pol':Polarizability(noniso =[ [0.00332017488933,-0.045693682038,0.0149852902787], [-0.045693682038,0.900894481139,-0.295121325721], [0.0149852902787, -0.295121325721, 0.0977853439716 ]])}
{'elname':'double', 'pos':Position([ .05820167611151803214, -2.33143831593651427158, -.37900253450073056813]), 'crg':'0.0', 'pol':Polarizability(noniso =[ [0.0236419749157,-0.0269330994166,0.146223397815], [-0.0269330994166,0.0330374811335,-0.173935768636], [0.146223397815, -0.173935768636, 0.945320543951 ]])}
{'elname':'double', 'pos':Position([ -.39267942760950396199, 3.13272378326201506791, 2.53979479841535122827]), 'crg':'0.0', 'pol':Polarizability(noniso =[ [0.0103911743474,0.0748939440608,0.0606999683731], [0.0748939440608,0.598273849836,0.484077908431], [0.0606999683731, 0.484077908431, 0.393334975816 ]])}
{'elname':'double', 'pos':Position([ -.05820167611151803214, 2.33143831593651427158, .37900253450073056813]), 'crg':'0.0', 'pol':Polarizability(noniso =[ [0.0236419749157,-0.0269330994166,0.146223397815], [-0.0269330994166,0.0330374811335,-0.173935768636], [0.146223397815, -0.173935768636, 0.945320543951 ]])}
{'elname':'double', 'pos':Position([ -.94345051147328342944, .27562600958620288251, 6.08759031946198740232]), 'crg':'0.0', 'pol':Polarizability(noniso =[ [0.010235067933,0.0746293643091,0.0597578812225], [0.0746293643091,0.604086198993,0.482908487564], [0.0597578812225, 0.482908487564, 0.387678733074 ]])}
{'elname':'single', 'pos':Position([ -.87837779103105727155, -1.69157420236548362249, 5.66340632211667471689]), 'crg':'0.0', 'pol':Polarizability(noniso =[ [0.00466794299278,-0.0556436350106,0.0235500982333], [-0.0556436350106,0.845128200271,-0.357261024268], [0.0235500982333, -0.357261024268, 0.152203856736 ]])}
{'elname':'double', 'pos':Position([ -.14317982709761493881, -6.09500938438012824437, .92292052643235574019]), 'crg':'0.0', 'pol':Polarizability(noniso =[ [0.0105774478008,0.0752493677836,0.0617549633211], [0.0752493677836,0.592229257481,0.485204622783], [0.0617549633211, 0.485204622783, 0.399193294718 ]])}
{'elname':'single', 'pos':Position([ -.42594994644516052467, -5.28899393246723403804, 2.74662249242786726260]), 'crg':'0.0', 'pol':Polarizability(noniso =[ [0.0234490422376,-0.03086183119,0.144810845842], [-0.03086183119,0.0434273166899,-0.19907877724], [0.144810845842, -0.19907877724, 0.935123641073 ]])}
{'elname':'double', 'pos':Position([ -.72578996222815344274, 3.96268962457188253764, 4.69055450612762605795]), 'crg':'0.0', 'pol':Polarizability(noniso =[ [0.0238371645851,-0.0241106433586,0.14734811913], [-0.0241106433586,0.0264551356847,-0.155564756591], [0.14734811913, -0.155564756591, 0.95170769973 ]])}
{'elname':'pi', 'pos':Position([ -.45200927024066796528, 5.42959711794083342970, 2.92316165549082613536]), 'crg':'0.0', 'pol':Polarizability(noniso =[ [0.0038549005305,-0.0500322713512,0.0184571665315], [-0.0500322713512,0.877818001123,-0.323462745694], [0.0184571665315, -0.323462745694, 0.120327098346 ]])}
{'elname':'double', 'pos':Position([ -.99928247097569585386, 2.52578814809103642409, 6.45267691049425409862]), 'crg':'0.0', 'pol':Polarizability(noniso =[ [0.00396306113099,-0.0508896817262,0.0190146951698], [-0.0508896817262,0.875014943231,-0.326571657666], [0.0190146951698, -0.326571657666, 0.123021995638 ]])}
{'elname':'single', 'pos':Position([ -1.22591544004541389915, 1.15687712924895479245, 7.91204723105984158047]), 'crg':'0.0', 'pol':Polarizability(noniso =[ [0.0239797062318,-0.021522857323,0.148207375794], [-0.021522857323,0.021158368548,-0.138811443943], [0.148207375794, -0.138811443943, 0.95686192522 ]])}
{'elname':'double', 'pos':Position([ .18336485396574153232, -6.89740412096363940094, -1.18617733341496950360]), 'crg':'0.0', 'pol':Polarizability(noniso =[ [0.0237085582932,-0.0247031723245,0.146832981282], [-0.0247031723245,0.0278729839654,-0.159730106716], [0.146832981282, -0.159730106716, 0.950418457741 ]])}
{'elname':'single', 'pos':Position([ -.06523807148153775332, -8.07791038616176207138, .42584506664308288414]), 'crg':'0.0', 'pol':Polarizability(noniso =[ [0.00352171071352,-0.0473247169092,0.0165287975167], [-0.0473247169092,0.889138682414,-0.310194448211], [0.0165287975167, -0.310194448211, 0.109339606872 ]])}
{'elname':'single', 'pos':Position([ -1.06425503593125327394, 4.82394555169799454700, 6.87607478175552537032]), 'crg':'0.0', 'pol':Polarizability(noniso =[ [0.0105087178523,0.0750346421213,0.0614702846987], [0.0750346421213,0.593109010463,0.485070740885], [0.0614702846987, 0.485070740885, 0.398382271684 ]])}
{'elname':'double', 'pos':Position([ -.51569587654192206315, 7.76673484798664795081, 3.33032583414402585749]), 'crg':'0.0', 'pol':Polarizability(noniso =[ [0.0103703228893,0.075110182316,0.0602628420155], [0.075110182316,0.603064577092,0.48305198275], [0.0602628420155, 0.48305198275, 0.388565100019 ]])}
{'elname':'double', 'pos':Position([ -.18336485396574153232, 6.89740412096363940094, 1.18617733341496950360]), 'crg':'0.0', 'pol':Polarizability(noniso =[ [0.0237085582932,-0.0247031723245,0.146832981282], [-0.0247031723245,0.0278729839654,-0.159730106716], [0.146832981282, -0.159730106716, 0.950418457741 ]])}
{'elname':'single', 'pos':Position([ -1.12125484620274645241, 7.10326333031733037628, 7.24553703371951777211]), 'crg':'0.0', 'pol':Polarizability(noniso =[ [0.00464712215244,-0.0554654075891,0.0235321501625], [-0.0554654075891,0.844517521607,-0.357876771234], [0.0235321501625, -0.357876771234, 0.152835356241 ]])}
{'elname':'triple', 'pos':Position([ -1.37197898926862306236, 5.80180797660972543790, 8.87779178694773697732]), 'crg':'0.0', 'pol':Polarizability(noniso =[ [0.0236785213315,-0.0128166814407,0.148247293929], [-0.0128166814407,0.008243299541,-0.0837814032472], [0.148247293929, -0.0837814032472, 0.970078179127 ]])}
{'elname':'double', 'pos':Position([ -.84647637880090071907, 8.57914513323703288803, 5.46718093674481818188]), 'crg':'0.0', 'pol':Polarizability(noniso =[ [0.0232420847421,-0.0308609086981,0.144127501324], [-0.0308609086981,0.0438195331829,-0.199977012534], [0.144127501324, -0.199977012534, 0.934938382075 ]])}
{'elname':'double', 'pos':Position([ -.60352184485650553349, 9.94417087508683291721, 3.88664893347634780938]), 'crg':'0.0', 'pol':Polarizability(noniso =[ [0.00272975706203,-0.0399283633723,0.0114350795311], [-0.0399283633723,0.922675208958,-0.263958460255], [0.0114350795311, -0.263958460255, 0.0765950339803 ]])}
{'elname':'pi', 'pos':Position([ .33838476034114848485, -.83186029178883746314, -2.18584530852803181996]), 'crg':'0.0', 'pol':Polarizability(noniso =[ [0.00420158024928,-0.0525843384252,0.0205673504693], [-0.0525843384252,0.864671197446,-0.337808342561], [0.0205673504693, -0.337808342561, 0.133127222305 ]])}
{'elname':'double', 'pos':Position([ .39267942760950396199, -3.13272378326201506791, -2.53979479841535122827]), 'crg':'0.0', 'pol':Polarizability(noniso =[ [0.0103911743474,0.0748939440608,0.0606999683731], [0.0748939440608,0.598273849836,0.484077908431], [0.0606999683731, 0.484077908431, 0.393334975816 ]])}
{'elname':'pi', 'pos':Position([ .28018308422963045270, 1.49957802414767680844, -1.80684277402730125182]), 'crg':'0.0', 'pol':Polarizability(noniso =[ [0.0103989673072,0.0749154087263,0.0607363917993], [0.0749154087263,0.598120756058,0.484105483879], [0.0607363917993, 0.484105483879, 0.393480276635 ]])}
{'elname':'double', 'pos':Position([ .61566333545738554117, .58833600540612860871, -3.97151842520803995334]), 'crg':'0.0', 'pol':Polarizability(noniso =[ [0.024119807802,-0.018756126099,0.149031440358], [-0.018756126099,0.0162160549626,-0.120902929298], [0.149031440358, -0.120902929298, 0.961664137235 ]])}
{'elname':'single', 'pos':Position([ .20901316232067443570, 3.82591691403182147681, -1.34672846827111976857]), 'crg':'0.0', 'pol':Polarizability(noniso =[ [0.00332017488933,-0.045693682038,0.0149852902787], [-0.045693682038,0.900894481139,-0.295121325721], [0.0149852902787, -0.295121325721, 0.0977853439716 ]])}
{'elname':'double', 'pos':Position([ .14317982709761493881, 6.09500938438012824437, -.92292052643235574019]), 'crg':'0.0', 'pol':Polarizability(noniso =[ [0.0105774478008,0.0752493677836,0.0617549633211], [0.0752493677836,0.592229257481,0.485204622783], [0.0617549633211, 0.485204622783, 0.399193294718 ]])}
{'elname':'single', 'pos':Position([ .06523807148153775332, 8.07791038616176207138, -.42584506664308288414]), 'crg':'0.0', 'pol':Polarizability(noniso =[ [0.00352171071352,-0.0473247169092,0.0165287975167], [-0.0473247169092,0.889138682414,-0.310194448211], [0.0165287975167, -0.310194448211, 0.109339606872 ]])}
{'elname':'single', 'pos':Position([ .42594994644516052467, 5.28899393246723403804, -2.74662249242786726260]), 'crg':'0.0', 'pol':Polarizability(noniso =[ [0.0234490422376,-0.03086183119,0.144810845842], [-0.03086183119,0.0434273166899,-0.19907877724], [0.144810845842, -0.19907877724, 0.935123641073 ]])}
{'elname':'double', 'pos':Position([ .94345051147328342944, -.27562600958620288251, -6.08759031946198740232]), 'crg':'0.0', 'pol':Polarizability(noniso =[ [0.010235067933,0.0746293643091,0.0597578812225], [0.0746293643091,0.604086198993,0.482908487564], [0.0597578812225, 0.482908487564, 0.387678733074 ]])}
{'elname':'single', 'pos':Position([ .87837779103105727155, 1.69157420236548362249, -5.66340632211667471689]), 'crg':'0.0', 'pol':Polarizability(noniso =[ [0.00466794299278,-0.0556436350106,0.0235500982333], [-0.0556436350106,0.845128200271,-0.357261024268], [0.0235500982333, -0.357261024268, 0.152203856736 ]])}
{'elname':'double', 'pos':Position([ .99928247097569585386, -2.52578814809103642409, -6.45267691049425409862]), 'crg':'0.0', 'pol':Polarizability(noniso =[ [0.00396306113099,-0.0508896817262,0.0190146951698], [-0.0508896817262,0.875014943231,-0.326571657666], [0.0190146951698, -0.326571657666, 0.123021995638 ]])}
{'elname':'single', 'pos':Position([ 1.22591544004541389915, -1.15687712924895479245, -7.91204723105984158047]), 'crg':'0.0', 'pol':Polarizability(noniso =[ [0.0239797062318,-0.021522857323,0.148207375794], [-0.021522857323,0.021158368548,-0.138811443943], [0.148207375794, -0.138811443943, 0.95686192522 ]])}
{'elname':'double', 'pos':Position([ .72578996222815344274, -3.96268962457188253764, -4.69055450612762605795]), 'crg':'0.0', 'pol':Polarizability(noniso =[ [0.0238371645851,-0.0241106433586,0.14734811913], [-0.0241106433586,0.0264551356847,-0.155564756591], [0.14734811913, -0.155564756591, 0.95170769973 ]])}
{'elname':'single', 'pos':Position([ 1.06425503593125327394, -4.82394555169799454700, -6.87607478175552537032]), 'crg':'0.0', 'pol':Polarizability(noniso =[ [0.0105087178523,0.0750346421213,0.0614702846987], [0.0750346421213,0.593109010463,0.485070740885], [0.0614702846987, 0.485070740885, 0.398382271684 ]])}
{'elname':'pi', 'pos':Position([ .45200927024066796528, -5.42959711794083342970, -2.92316165549082613536]), 'crg':'0.0', 'pol':Polarizability(noniso =[ [0.0038549005305,-0.0500322713512,0.0184571665315], [-0.0500322713512,0.877818001123,-0.323462745694], [0.0184571665315, -0.323462745694, 0.120327098346 ]])}
{'elname':'double', 'pos':Position([ .51569587654192206315, -7.76673484798664795081, -3.33032583414402585749]), 'crg':'0.0', 'pol':Polarizability(noniso =[ [0.0103703228893,0.075110182316,0.0602628420155], [0.075110182316,0.603064577092,0.48305198275], [0.0602628420155, 0.48305198275, 0.388565100019 ]])}
{'elname':'double', 'pos':Position([ .84647637880090071907, -8.57914513323703288803, -5.46718093674481818188]), 'crg':'0.0', 'pol':Polarizability(noniso =[ [0.0232420847421,-0.0308609086981,0.144127501324], [-0.0308609086981,0.0438195331829,-0.199977012534], [0.144127501324, -0.199977012534, 0.934938382075 ]])}
{'elname':'double', 'pos':Position([ .60352184485650553349, -9.94417087508683291721, -3.88664893347634780938]), 'crg':'0.0', 'pol':Polarizability(noniso =[ [0.00272975706203,-0.0399283633723,0.0114350795311], [-0.0399283633723,0.922675208958,-0.263958460255], [0.0114350795311, -0.263958460255, 0.0765950339803 ]])}
{'elname':'single', 'pos':Position([ 1.12125484620274645241, -7.10326333031733037628, -7.24553703371951777211]), 'crg':'0.0', 'pol':Polarizability(noniso =[ [0.00464712215244,-0.0554654075891,0.0235321501625], [-0.0554654075891,0.844517521607,-0.357876771234], [0.0235321501625, -0.357876771234, 0.152835356241 ]])}
{'elname':'triple', 'pos':Position([ 1.37197898926862306236, -5.80180797660972543790, -8.87779178694773697732]), 'crg':'0.0', 'pol':Polarizability(noniso =[ [0.0236785213315,-0.0128166814407,0.148247293929], [-0.0128166814407,0.008243299541,-0.0837814032472], [0.148247293929, -0.0837814032472, 0.970078179127 ]])}
