{'elname':'pi', 'pos':Position([ 5.81846685760459823287, 14.30522705815745651928, 2.03240048890995303652]), 'crg':'0.0', 'pol':Polarizability(noniso =[ [0.521495065157,0.359172033266,0.346489404973], [0.359172033266,0.248849707166,0.23909795197], [0.346489404973, 0.23909795197, 0.231655227677 ]])}
{'elname':'single', 'pos':Position([ 6.78789637951143775657, 13.63626399625683041521, 0]), 'crg':'0.0', 'pol':Polarizability(noniso =[ [0.001,0.0,-2.2182256032e-16], [0.0,0.001,0.0], [-2.2182256032e-16, 0.0, 1.0 ]])}
{'elname':'pi', 'pos':Position([ 7.75732590141827728027, 12.96824579743798485648, 2.03240048890995303652]), 'crg':'0.0', 'pol':Polarizability(noniso =[ [0.52185984743,0.358916093697,-0.346732237617], [0.358916093697,0.248323273142,-0.238927575044], [-0.346732237617, -0.238927575044, 0.231816879427 ]])}
{'elname':'pi', 'pos':Position([ 3.83236465970189191824, 15.49858913044628528968, 2.02011726884680594703]), 'crg':'0.0', 'pol':Polarizability(noniso =[ [0.59407155255,0.30590586586,-0.383622491241], [0.30590586586,0.158786018171,-0.197872195761], [-0.383622491241, -0.197872195761, 0.249142429278 ]])}
{'elname':'single', 'pos':Position([ 4.92179179299486070072, 15.29544356786346804057, 4.06291125165634498235]), 'crg':'0.0', 'pol':Polarizability(noniso =[ [0.00360849523382,-0.0115180309026,-0.049663039127], [-0.0115180309026,0.0518588377516,0.2192913416], [-0.049663039127, 0.2192913416, 0.946532667015 ]])}
{'elname':'pi', 'pos':Position([ 1.79429499230125560965, 16.65226695330033115560, 1.98988165022982849600]), 'crg':'0.0', 'pol':Polarizability(noniso =[ [0.569623987768,0.350327082196,0.349275048916], [0.350327082196,0.216835186626,0.215187032912], [0.349275048916, 0.215187032912, 0.215540825606 ]])}
{'elname':'pi', 'pos':Position([ 2.81569198370602512731, 16.02298814083448795601, 0]), 'crg':'0.0', 'pol':Polarizability(noniso =[ [0.001,0.0,-2.2182256032e-16], [0.0,0.001,0.0], [-2.2182256032e-16, 0.0, 1.0 ]])}
{'elname':'double', 'pos':Position([ -.17763425937474252481, 17.83901498401669610859, 1.97665356708490086118]), 'crg':'0.0', 'pol':Polarizability(noniso =[ [0.556562618281,0.325826982888,-0.37442490576], [0.325826982888,0.192091371674,-0.219593135585], [-0.37442490576, -0.219593135585, 0.253346010045 ]])}
{'elname':'single', 'pos':Position([ .81447197649483008716, 17.34107213991834871192, 3.54512628284060613344]), 'crg':'0.0', 'pol':Polarizability(noniso =[ [0.00299340980325,-0.00285420040011,-0.0444892824271], [-0.00285420040011,0.00508669602743,0.0637005634752], [-0.0444892824271, 0.0637005634752, 0.993919894169 ]])}
{'elname':'single', 'pos':Position([ -1.82642033708179415137, 18.83962498762229362867, 1.81130252777330542585]), 'crg':'0.0', 'pol':Polarizability(noniso =[ [0.536354427622,0.339758087354,0.36438873761], [0.339758087354,0.216624550703,0.231256181244], [0.36438873761, 0.231256181244, 0.249021021675 ]])}
{'elname':'pi', 'pos':Position([ -1.12816651964597114161, 18.39648420226721786199, 0]), 'crg':'0.0', 'pol':Polarizability(noniso =[ [0.001,0.0,-2.2182256032e-16], [0.0,0.001,0.0], [-2.2182256032e-16, 0.0, 1.0 ]])}
{'elname':'double', 'pos':Position([ 5.74098808489859351461, 16.62297619776513424992, 5.82224630993172041425]), 'crg':'0.0', 'pol':Polarizability(noniso =[ [0.326550912439,-0.438875597149,-0.163187545982], [-0.438875597149,0.592648748056,0.219993337305], [-0.163187545982, 0.219993337305, 0.082800339505 ]])}
{'elname':'double', 'pos':Position([ 4.23298660637684314441, 15.03749594653737916145, 6.34003127874745926317]), 'crg':'0.0', 'pol':Polarizability(noniso =[ [0.339623783159,-0.257538931857,0.396601552484], [-0.257538931857,0.196870180184,-0.301633686939], [0.396601552484, -0.301633686939, 0.465506036657 ]])}
{'elname':'pi', 'pos':Position([ 6.48648505642344379160, 18.03838109427239117633, 7.44646594751247786185]), 'crg':'0.0', 'pol':Polarizability(noniso =[ [0.00100051552802,0.000223223634406,0.000682043575793], [0.000223223634406,0.0976558336976,0.295324868318], [0.000682043575793, 0.295324868318, 0.903343650774 ]])}
{'elname':'single', 'pos':Position([ 7.03167105461081845551, 18.06105780823512426460, 5.56335382552385098979]), 'crg':'0.0', 'pol':Polarizability(noniso =[ [0.335952855158,-0.265752525707,0.38961530027], [-0.265752525707,0.211848792097,-0.309121861499], [0.38961530027, -0.309121861499, 0.454198352745 ]])}
{'elname':'double', 'pos':Position([ 5.72020109709942151702, 17.86263656106120974221, 9.56862842919158270613]), 'crg':'0.0', 'pol':Polarizability(noniso =[ [0.347577498823,-0.264853668854,0.394927199277], [-0.264853668854,0.203400519779,-0.301802390558], [0.394927199277, -0.301802390558, 0.451021981398 ]])}
{'elname':'single', 'pos':Position([ 7.04395427467396554499, 19.20623186335314522242, 8.92234208125368969033]), 'crg':'0.0', 'pol':Polarizability(noniso =[ [0.332933093356,-0.451002155609,-0.134233518295], [-0.451002155609,0.613782962697,0.182384966482], [-0.134233518295, 0.182384966482, 0.0552839439466 ]])}
{'elname':'double', 'pos':Position([ 4.20747530316876842010, 16.28943952989660174323, 10.07413017794417446556]), 'crg':'0.0', 'pol':Polarizability(noniso =[ [0.335193240163,-0.441929366891,-0.163927910472], [-0.441929366891,0.585397114751,0.216774455567], [-0.163927910472, 0.216774455567, 0.0814096450861 ]])}
{'elname':'single', 'pos':Position([ 4.94163391771225215296, 17.58484681501772941086, 11.34497102293900795423]), 'crg':'0.0', 'pol':Polarizability(noniso =[ [0.00119165092447,0.00444903931798,0.0131007096225], [0.00444903931798,0.104281269882,0.304123616236], [0.0131007096225, 0.304123616236, 0.896527079194 ]])}
{'elname':'double', 'pos':Position([ 3.46575778397104032448, 14.87970381188002808888, 8.46975266508080847020]), 'crg':'0.0', 'pol':Polarizability(noniso =[ [0.00101877964671,0.00139595373912,0.00410022286601], [0.00139595373912,0.104765894608,0.30478323304], [0.00410022286601, 0.30478323304, 0.896215325746 ]])}
{'elname':'single', 'pos':Position([ 2.87710808402176057471, 14.86458600257153936337, 10.31790485304355516450]), 'crg':'0.0', 'pol':Polarizability(noniso =[ [0.377003447529,-0.281545531213,0.393676218969], [-0.281545531213,0.211816913161,-0.294778627494], [0.393676218969, -0.294778627494, 0.41317963931 ]])}
{'elname':'single', 'pos':Position([ 2.93757932125571547677, 13.69295578116366313589, 6.97025495429508300810]), 'crg':'0.0', 'pol':Polarizability(noniso =[ [0.304126811932,-0.434571181707,-0.148612613991], [-0.434571181707,0.624013552536,0.213055251917], [-0.148612613991, 0.213055251917, 0.073859635532 ]])}
{'elname':'pi', 'pos':Position([ 7.75732590141827728027, 12.96824579743798485648, -2.03240048890995303652]), 'crg':'0.0', 'pol':Polarizability(noniso =[ [0.52185984743,0.358916093697,0.346732237617], [0.358916093697,0.248323273142,0.238927575044], [0.346732237617, 0.238927575044, 0.231816879427 ]])}
{'elname':'pi', 'pos':Position([ 5.81846685760459823287, 14.30522705815745651928, -2.03240048890995303652]), 'crg':'0.0', 'pol':Polarizability(noniso =[ [0.521495065157,0.359172033266,-0.346489404973], [0.359172033266,0.248849707166,-0.23909795197], [-0.346489404973, -0.23909795197, 0.231655227677 ]])}
{'elname':'pi', 'pos':Position([ 9.74342809932098359490, 11.77582858823093663143, -2.02011726884680594703]), 'crg':'0.0', 'pol':Polarizability(noniso =[ [0.59407155255,0.30590586586,-0.383622491241], [0.30590586586,0.158786018171,-0.197872195761], [-0.383622491241, -0.197872195761, 0.249142429278 ]])}
{'elname':'single', 'pos':Position([ 8.65400096602801481242, 11.97897415081375388055, -4.06291125165634498235]), 'crg':'0.0', 'pol':Polarizability(noniso =[ [0.00360849523382,-0.0115180309026,-0.049663039127], [-0.0115180309026,0.0518588377516,0.2192913416], [-0.049663039127, 0.2192913416, 0.946532667015 ]])}
{'elname':'pi', 'pos':Position([ 10.76010077531685038584, 11.25142957784273396510, 0]), 'crg':'0.0', 'pol':Polarizability(noniso =[ [0.001,0.0,2.2182256032e-16], [0.0,0.001,0.0], [2.2182256032e-16, 0.0, 1.0 ]])}
{'elname':'pi', 'pos':Position([ 11.78149776672161990350, 10.62215076537689076550, -1.98988165022982849600]), 'crg':'0.0', 'pol':Polarizability(noniso =[ [0.569623987768,0.350327082196,0.349275048916], [0.350327082196,0.216835186626,0.215187032912], [0.349275048916, 0.215187032912, 0.215540825606 ]])}
{'elname':'pi', 'pos':Position([ 9.74342809932098359490, 11.77582858823093663143, 2.02011726884680594703]), 'crg':'0.0', 'pol':Polarizability(noniso =[ [0.59407155255,0.30590586586,0.383622491241], [0.30590586586,0.158786018171,0.197872195761], [0.383622491241, 0.197872195761, 0.249142429278 ]])}
{'elname':'pi', 'pos':Position([ 11.78149776672161990350, 10.62215076537689076550, 1.98988165022982849600]), 'crg':'0.0', 'pol':Polarizability(noniso =[ [0.569623987768,0.350327082196,-0.349275048916], [0.350327082196,0.216835186626,-0.215187032912], [-0.349275048916, -0.215187032912, 0.215540825606 ]])}
{'elname':'single', 'pos':Position([ 8.65400096602801481242, 11.97897415081375388055, 4.06291125165634498235]), 'crg':'0.0', 'pol':Polarizability(noniso =[ [0.00360849523382,-0.0115180309026,0.049663039127], [-0.0115180309026,0.0518588377516,-0.2192913416], [0.049663039127, -0.2192913416, 0.946532667015 ]])}
{'elname':'pi', 'pos':Position([ 3.83236465970189191824, 15.49858913044628528968, -2.02011726884680594703]), 'crg':'0.0', 'pol':Polarizability(noniso =[ [0.59407155255,0.30590586586,0.383622491241], [0.30590586586,0.158786018171,0.197872195761], [0.383622491241, 0.197872195761, 0.249142429278 ]])}
{'elname':'pi', 'pos':Position([ 1.79429499230125560965, 16.65226695330033115560, -1.98988165022982849600]), 'crg':'0.0', 'pol':Polarizability(noniso =[ [0.569623987768,0.350327082196,-0.349275048916], [0.350327082196,0.216835186626,-0.215187032912], [-0.349275048916, -0.215187032912, 0.215540825606 ]])}
{'elname':'single', 'pos':Position([ 4.92179179299486070072, 15.29544356786346804057, -4.06291125165634498235]), 'crg':'0.0', 'pol':Polarizability(noniso =[ [0.00360849523382,-0.0115180309026,0.049663039127], [-0.0115180309026,0.0518588377516,-0.2192913416], [0.049663039127, -0.2192913416, 0.946532667015 ]])}
{'elname':'double', 'pos':Position([ 5.74098808489859351461, 16.62297619776513424992, -5.82224630993172041425]), 'crg':'0.0', 'pol':Polarizability(noniso =[ [0.326550912439,-0.438875597149,0.163187545982], [-0.438875597149,0.592648748056,-0.219993337305], [0.163187545982, -0.219993337305, 0.082800339505 ]])}
{'elname':'double', 'pos':Position([ 4.23298660637684314441, 15.03749594653737916145, -6.34003127874745926317]), 'crg':'0.0', 'pol':Polarizability(noniso =[ [0.339623783159,-0.257538931857,-0.396601552484], [-0.257538931857,0.196870180184,0.301633686939], [-0.396601552484, 0.301633686939, 0.465506036657 ]])}
{'elname':'pi', 'pos':Position([ 6.48648505642344379160, 18.03838109427239117633, -7.44646594751247786185]), 'crg':'0.0', 'pol':Polarizability(noniso =[ [0.00100051552802,0.000223223634406,-0.000682043575793], [0.000223223634406,0.0976558336976,-0.295324868318], [-0.000682043575793, -0.295324868318, 0.903343650774 ]])}
{'elname':'single', 'pos':Position([ 7.03167105461081845551, 18.06105780823512426460, -5.56335382552385098979]), 'crg':'0.0', 'pol':Polarizability(noniso =[ [0.335952855158,-0.265752525707,-0.38961530027], [-0.265752525707,0.211848792097,0.309121861499], [-0.38961530027, 0.309121861499, 0.454198352745 ]])}
{'elname':'double', 'pos':Position([ 5.72020109709942151702, 17.86263656106120974221, -9.56862842919158270613]), 'crg':'0.0', 'pol':Polarizability(noniso =[ [0.347577498823,-0.264853668854,-0.394927199277], [-0.264853668854,0.203400519779,0.301802390558], [-0.394927199277, 0.301802390558, 0.451021981398 ]])}
{'elname':'single', 'pos':Position([ 7.04395427467396554499, 19.20623186335314522242, -8.92234208125368969033]), 'crg':'0.0', 'pol':Polarizability(noniso =[ [0.332933093356,-0.451002155609,0.134233518295], [-0.451002155609,0.613782962697,-0.182384966482], [0.134233518295, -0.182384966482, 0.0552839439466 ]])}
{'elname':'double', 'pos':Position([ 4.20747530316876842010, 16.28943952989660174323, -10.07413017794417446556]), 'crg':'0.0', 'pol':Polarizability(noniso =[ [0.335193240163,-0.441929366891,0.163927910472], [-0.441929366891,0.585397114751,-0.216774455567], [0.163927910472, -0.216774455567, 0.0814096450861 ]])}
{'elname':'single', 'pos':Position([ 4.94163391771225215296, 17.58484681501772941086, -11.34497102293900795423]), 'crg':'0.0', 'pol':Polarizability(noniso =[ [0.00119165092447,0.00444903931798,-0.0131007096225], [0.00444903931798,0.104281269882,-0.304123616236], [-0.0131007096225, -0.304123616236, 0.896527079194 ]])}
{'elname':'double', 'pos':Position([ 3.46575778397104032448, 14.87970381188002808888, -8.46975266508080847020]), 'crg':'0.0', 'pol':Polarizability(noniso =[ [0.00101877964671,0.00139595373912,-0.00410022286601], [0.00139595373912,0.104765894608,-0.30478323304], [-0.00410022286601, -0.30478323304, 0.896215325746 ]])}
{'elname':'single', 'pos':Position([ 2.87710808402176057471, 14.86458600257153936337, -10.31790485304355516450]), 'crg':'0.0', 'pol':Polarizability(noniso =[ [0.377003447529,-0.281545531213,-0.393676218969], [-0.281545531213,0.211816913161,0.294778627494], [-0.393676218969, 0.294778627494, 0.41317963931 ]])}
{'elname':'single', 'pos':Position([ 2.93757932125571547677, 13.69295578116366313589, -6.97025495429508300810]), 'crg':'0.0', 'pol':Polarizability(noniso =[ [0.304126811932,-0.434571181707,0.148612613991], [-0.434571181707,0.624013552536,-0.213055251917], [0.148612613991, -0.213055251917, 0.073859635532 ]])}
{'elname':'double', 'pos':Position([ -.17763425937474252481, 17.83901498401669610859, -1.97665356708490086118]), 'crg':'0.0', 'pol':Polarizability(noniso =[ [0.556562618281,0.325826982888,0.37442490576], [0.325826982888,0.192091371674,0.219593135585], [0.37442490576, 0.219593135585, 0.253346010045 ]])}
{'elname':'single', 'pos':Position([ .81447197649483008716, 17.34107213991834871192, -3.54512628284060613344]), 'crg':'0.0', 'pol':Polarizability(noniso =[ [0.00299340980325,-0.00285420040011,0.0444892824271], [-0.00285420040011,0.00508669602743,-0.0637005634752], [0.0444892824271, -0.0637005634752, 0.993919894169 ]])}
{'elname':'single', 'pos':Position([ -1.82642033708179415137, 18.83962498762229362867, -1.81130252777330542585]), 'crg':'0.0', 'pol':Polarizability(noniso =[ [0.536354427622,0.339758087354,-0.36438873761], [0.339758087354,0.216624550703,-0.231256181244], [-0.36438873761, -0.231256181244, 0.249021021675 ]])}
{'elname':'double', 'pos':Position([ 7.83480467412428199854, 10.65144152091208767119, 5.82224630993172041425]), 'crg':'0.0', 'pol':Polarizability(noniso =[ [0.326550912439,-0.438875597149,0.163187545982], [-0.438875597149,0.592648748056,-0.219993337305], [0.163187545982, -0.219993337305, 0.082800339505 ]])}
{'elname':'double', 'pos':Position([ 9.34280615264603236873, 12.23692177213984275966, 6.34003127874745926317]), 'crg':'0.0', 'pol':Polarizability(noniso =[ [0.339623783159,-0.257538931857,-0.396601552484], [-0.257538931857,0.196870180184,0.301633686939], [-0.396601552484, 0.301633686939, 0.465506036657 ]])}
{'elname':'pi', 'pos':Position([ 7.08930770259943172154, 9.23603662440483074478, 7.44646594751247786185]), 'crg':'0.0', 'pol':Polarizability(noniso =[ [0.00100051552802,0.000223223634405,-0.000682043575793], [0.000223223634405,0.0976558336976,-0.295324868318], [-0.000682043575793, -0.295324868318, 0.903343650774 ]])}
{'elname':'single', 'pos':Position([ 6.54412170441205705763, 9.21335991044209765650, 5.56335382552385098979]), 'crg':'0.0', 'pol':Polarizability(noniso =[ [0.335952855158,-0.265752525707,-0.38961530027], [-0.265752525707,0.211848792097,0.309121861499], [-0.38961530027, 0.309121861499, 0.454198352745 ]])}
{'elname':'double', 'pos':Position([ 7.85559166192345399612, 9.41178115761601217890, 9.56862842919158270613]), 'crg':'0.0', 'pol':Polarizability(noniso =[ [0.347577498823,-0.264853668854,-0.394927199277], [-0.264853668854,0.203400519779,0.301802390558], [-0.394927199277, 0.301802390558, 0.451021981398 ]])}
{'elname':'single', 'pos':Position([ 6.53183848434890996815, 8.06818585532407669869, 8.92234208125368969033]), 'crg':'0.0', 'pol':Polarizability(noniso =[ [0.332933093356,-0.451002155609,0.134233518295], [-0.451002155609,0.613782962697,-0.182384966482], [0.134233518295, -0.182384966482, 0.0552839439466 ]])}
{'elname':'double', 'pos':Position([ 9.36831745585410709304, 10.98497818878062017788, 10.07413017794417446556]), 'crg':'0.0', 'pol':Polarizability(noniso =[ [0.335193240163,-0.441929366891,0.163927910472], [-0.441929366891,0.585397114751,-0.216774455567], [0.163927910472, -0.216774455567, 0.0814096450861 ]])}
{'elname':'single', 'pos':Position([ 8.63415884131062336018, 9.68957090365949251025, 11.34497102293900795423]), 'crg':'0.0', 'pol':Polarizability(noniso =[ [0.00119165092447,0.00444903931798,-0.0131007096225], [0.00444903931798,0.104281269882,-0.304123616236], [-0.0131007096225, -0.304123616236, 0.896527079194 ]])}
{'elname':'double', 'pos':Position([ 10.11003497505183518866, 12.39471390679719383223, 8.46975266508080847020]), 'crg':'0.0', 'pol':Polarizability(noniso =[ [0.00101877964671,0.00139595373912,-0.00410022286601], [0.00139595373912,0.104765894608,-0.30478323304], [-0.00410022286601, -0.30478323304, 0.896215325746 ]])}
{'elname':'single', 'pos':Position([ 10.69868467500111493843, 12.40983171610568255774, 10.31790485304355516450]), 'crg':'0.0', 'pol':Polarizability(noniso =[ [0.377003447529,-0.281545531213,-0.393676218969], [-0.281545531213,0.211816913161,0.294778627494], [-0.393676218969, 0.294778627494, 0.41317963931 ]])}
{'elname':'single', 'pos':Position([ 10.63821343776716003636, 13.58146193751355878521, 6.97025495429508300810]), 'crg':'0.0', 'pol':Polarizability(noniso =[ [0.304126811932,-0.434571181707,0.148612613991], [-0.434571181707,0.624013552536,-0.213055251917], [0.148612613991, -0.213055251917, 0.073859635532 ]])}
{'elname':'double', 'pos':Position([ 13.75342701839761803796, 9.43540273466052581252, 1.97665356708490086118]), 'crg':'0.0', 'pol':Polarizability(noniso =[ [0.556562618281,0.325826982888,0.37442490576], [0.325826982888,0.192091371674,0.219593135585], [0.37442490576, 0.219593135585, 0.253346010045 ]])}
{'elname':'single', 'pos':Position([ 12.76132078252804542599, 9.93334557875887320919, 3.54512628284060613344]), 'crg':'0.0', 'pol':Polarizability(noniso =[ [0.00299340980325,-0.00285420040011,0.0444892824271], [-0.00285420040011,0.00508669602743,-0.0637005634752], [0.0444892824271, -0.0637005634752, 0.993919894169 ]])}
{'elname':'pi', 'pos':Position([ 14.70395927866884665476, 8.87793351641000405913, 0]), 'crg':'0.0', 'pol':Polarizability(noniso =[ [0.001,0.0,-2.2182256032e-16], [0.0,0.001,0.0], [-2.2182256032e-16, 0.0, 1.0 ]])}
{'elname':'single', 'pos':Position([ 15.40221309610466966452, 8.43479273105492829245, 1.81130252777330542585]), 'crg':'0.0', 'pol':Polarizability(noniso =[ [0.536354427622,0.339758087354,-0.36438873761], [0.339758087354,0.216624550703,-0.231256181244], [-0.36438873761, -0.231256181244, 0.249021021675 ]])}
{'elname':'double', 'pos':Position([ 13.75342701839761803796, 9.43540273466052581252, -1.97665356708490086118]), 'crg':'0.0', 'pol':Polarizability(noniso =[ [0.556562618281,0.325826982888,-0.37442490576], [0.325826982888,0.192091371674,-0.219593135585], [-0.37442490576, -0.219593135585, 0.253346010045 ]])}
{'elname':'single', 'pos':Position([ 15.40221309610466966452, 8.43479273105492829245, -1.81130252777330542585]), 'crg':'0.0', 'pol':Polarizability(noniso =[ [0.536354427622,0.339758087354,0.36438873761], [0.339758087354,0.216624550703,0.231256181244], [0.36438873761, 0.231256181244, 0.249021021675 ]])}
{'elname':'single', 'pos':Position([ 12.76132078252804542599, 9.93334557875887320919, -3.54512628284060613344]), 'crg':'0.0', 'pol':Polarizability(noniso =[ [0.00299340980325,-0.00285420040011,-0.0444892824271], [-0.00285420040011,0.00508669602743,0.0637005634752], [-0.0444892824271, 0.0637005634752, 0.993919894169 ]])}
{'elname':'double', 'pos':Position([ 7.83480467412428199854, 10.65144152091208767119, -5.82224630993172041425]), 'crg':'0.0', 'pol':Polarizability(noniso =[ [0.326550912439,-0.438875597149,-0.163187545982], [-0.438875597149,0.592648748056,0.219993337305], [-0.163187545982, 0.219993337305, 0.082800339505 ]])}
{'elname':'double', 'pos':Position([ 9.34280615264603236873, 12.23692177213984275966, -6.34003127874745926317]), 'crg':'0.0', 'pol':Polarizability(noniso =[ [0.339623783159,-0.257538931857,0.396601552484], [-0.257538931857,0.196870180184,-0.301633686939], [0.396601552484, -0.301633686939, 0.465506036657 ]])}
{'elname':'pi', 'pos':Position([ 7.08930770259943172154, 9.23603662440483074478, -7.44646594751247786185]), 'crg':'0.0', 'pol':Polarizability(noniso =[ [0.00100051552802,0.000223223634405,0.000682043575793], [0.000223223634405,0.0976558336976,0.295324868318], [0.000682043575793, 0.295324868318, 0.903343650774 ]])}
{'elname':'single', 'pos':Position([ 6.54412170441205705763, 9.21335991044209765650, -5.56335382552385098979]), 'crg':'0.0', 'pol':Polarizability(noniso =[ [0.335952855158,-0.265752525707,0.38961530027], [-0.265752525707,0.211848792097,-0.309121861499], [0.38961530027, -0.309121861499, 0.454198352745 ]])}
{'elname':'double', 'pos':Position([ 7.85559166192345399612, 9.41178115761601217890, -9.56862842919158270613]), 'crg':'0.0', 'pol':Polarizability(noniso =[ [0.347577498823,-0.264853668854,0.394927199277], [-0.264853668854,0.203400519779,-0.301802390558], [0.394927199277, -0.301802390558, 0.451021981398 ]])}
{'elname':'single', 'pos':Position([ 6.53183848434890996815, 8.06818585532407669869, -8.92234208125368969033]), 'crg':'0.0', 'pol':Polarizability(noniso =[ [0.332933093356,-0.451002155609,-0.134233518295], [-0.451002155609,0.613782962697,0.182384966482], [-0.134233518295, 0.182384966482, 0.0552839439466 ]])}
{'elname':'double', 'pos':Position([ 9.36831745585410709304, 10.98497818878062017788, -10.07413017794417446556]), 'crg':'0.0', 'pol':Polarizability(noniso =[ [0.335193240163,-0.441929366891,-0.163927910472], [-0.441929366891,0.585397114751,0.216774455567], [-0.163927910472, 0.216774455567, 0.0814096450861 ]])}
{'elname':'single', 'pos':Position([ 8.63415884131062336018, 9.68957090365949251025, -11.34497102293900795423]), 'crg':'0.0', 'pol':Polarizability(noniso =[ [0.00119165092447,0.00444903931798,0.0131007096225], [0.00444903931798,0.104281269882,0.304123616236], [0.0131007096225, 0.304123616236, 0.896527079194 ]])}
{'elname':'double', 'pos':Position([ 10.11003497505183518866, 12.39471390679719383223, -8.46975266508080847020]), 'crg':'0.0', 'pol':Polarizability(noniso =[ [0.00101877964671,0.00139595373912,0.00410022286601], [0.00139595373912,0.104765894608,0.30478323304], [0.00410022286601, 0.30478323304, 0.896215325746 ]])}
{'elname':'single', 'pos':Position([ 10.69868467500111493843, 12.40983171610568255774, -10.31790485304355516450]), 'crg':'0.0', 'pol':Polarizability(noniso =[ [0.377003447529,-0.281545531213,0.393676218969], [-0.281545531213,0.211816913161,-0.294778627494], [0.393676218969, -0.294778627494, 0.41317963931 ]])}
{'elname':'single', 'pos':Position([ 10.63821343776716003636, 13.58146193751355878521, -6.97025495429508300810]), 'crg':'0.0', 'pol':Polarizability(noniso =[ [0.304126811932,-0.434571181707,-0.148612613991], [-0.434571181707,0.624013552536,0.213055251917], [-0.148612613991, 0.213055251917, 0.073859635532 ]])}
