{'elname':'pi', 'pos':Position([ .96942952190683952369, .66801819881884555872, 2.03240048890995303652]), 'crg':'0.0', 'pol':Polarizability(noniso =[ [0.52185984743,-0.358916093697,-0.346732237617], [-0.358916093697,0.248323273142,0.238927575044], [-0.346732237617, 0.238927575044, 0.231816879427 ]])}
{'elname':'single', 'pos':Position([ 0, 0, 0]), 'crg':'0.0', 'pol':Polarizability(noniso =[ [0.001,0.0,-2.2182256032e-16], [0.0,0.001,0.0], [-2.2182256032e-16, 0.0, 1.0 ]])}
{'elname':'pi', 'pos':Position([ -.96942952190683952369, -.66801819881884555872, 2.03240048890995303652]), 'crg':'0.0', 'pol':Polarizability(noniso =[ [0.52185984743,-0.358916093697,0.346732237617], [-0.358916093697,0.248323273142,-0.238927575044], [0.346732237617, -0.238927575044, 0.231816879427 ]])}
{'elname':'pi', 'pos':Position([ 2.95553171980954583832, 1.86138027110767432912, 2.02011726884680594703]), 'crg':'0.0', 'pol':Polarizability(noniso =[ [0.593733883796,-0.306282564489,0.383404073534], [-0.306282564489,0.159264968268,-0.198115859558], [0.383404073534, -0.198115859558, 0.249001147936 ]])}
{'elname':'single', 'pos':Position([ 1.86610458651657705584, 1.65823470852485708000, 4.06291125165634498235]), 'crg':'0.0', 'pol':Polarizability(noniso =[ [0.00360771315587,0.011548443976,0.0496481491754], [0.011548443976,0.0521431090366,0.21987037492], [0.0496481491754, 0.21987037492, 0.946249177808 ]])}
{'elname':'pi', 'pos':Position([ 4.99360138721018214692, 3.01505809396172019504, 1.98988165022982849600]), 'crg':'0.0', 'pol':Polarizability(noniso =[ [0.569992874627,-0.350027994104,-0.349501636218], [-0.350027994104,0.216327119407,0.215003319228], [-0.349501636218, 0.215003319228, 0.215680005966 ]])}
{'elname':'pi', 'pos':Position([ 3.97220439580541262926, 2.38672414457765754080, 0]), 'crg':'0.0', 'pol':Polarizability(noniso =[ [0.001,0.0,-2.2182256032e-16], [0.0,0.001,0.0], [-2.2182256032e-16, 0.0, 1.0 ]])}
{'elname':'double', 'pos':Position([ 6.96553063888618028138, 4.20180612467808514803, 1.97665356708490086118]), 'crg':'0.0', 'pol':Polarizability(noniso =[ [0.556202311256,-0.326167560589,0.374182074584], [-0.326167560589,0.19261533629,-0.219822670059], [0.374182074584, -0.219822670059, 0.253182352453 ]])}
{'elname':'single', 'pos':Position([ 5.97342440301660766941, 3.70386328057973775135, 3.54512628284060613344]), 'crg':'0.0', 'pol':Polarizability(noniso =[ [0.00299314890617,0.00289912568171,0.0444834596787], [0.00289912568171,0.00521691008249,0.0647032140781], [0.0444834596787, 0.0647032140781, 0.993789941011 ]])}
{'elname':'single', 'pos':Position([ 8.61431671659323190794, 5.20336099136546321345, 1.81130252777330542585]), 'crg':'0.0', 'pol':Polarizability(noniso =[ [0.536354427622,-0.339758087354,-0.36438873761], [-0.339758087354,0.216624550703,0.231256181244], [-0.36438873761, 0.231256181244, 0.249021021675 ]])}
{'elname':'pi', 'pos':Position([ 7.91606289915740889819, 4.76022020601038744677, 0]), 'crg':'0.0', 'pol':Polarizability(noniso =[ [0.001,0.0,-2.2182256032e-16], [0.0,0.001,0.0], [-2.2182256032e-16, 0.0, 1.0 ]])}
{'elname':'double', 'pos':Position([ 1.04690829461284424196, 2.98671220150830383470, 5.82224630993172041425]), 'crg':'0.0', 'pol':Polarizability(noniso =[ [0.326550912439,0.438875597149,0.163187545982], [0.438875597149,0.592648748056,0.219993337305], [0.163187545982, 0.219993337305, 0.082800339505 ]])}
{'elname':'double', 'pos':Position([ 2.55490977313459461216, 1.40028708719876820089, 6.34003127874745926317]), 'crg':'0.0', 'pol':Polarizability(noniso =[ [0.339407129538,0.257794016795,-0.396347804323], [0.257794016795,0.197384027682,-0.301932446469], [-0.396347804323, -0.301932446469, 0.46520884278 ]])}
{'elname':'pi', 'pos':Position([ .30141132308799396496, 4.40211709801556076112, 7.44646594751247786185]), 'crg':'0.0', 'pol':Polarizability(noniso =[ [0.00100051552802,-0.000223223634405,-0.000682043575793], [-0.000223223634405,0.0976558336976,0.295324868318], [-0.000682043575793, 0.295324868318, 0.903343650774 ]])}
{'elname':'single', 'pos':Position([ -.24377467509938069894, 4.42384894889651330404, 5.56335382552385098979]), 'crg':'0.0', 'pol':Polarizability(noniso =[ [0.336262189818,0.265415900272,-0.389975116628], [0.265415900272,0.211120921049,-0.308730300664], [-0.389975116628, -0.308730300664, 0.454616889133 ]])}
{'elname':'double', 'pos':Position([ 1.06769528241201623954, 4.22637256480437932699, 9.56862842919158270613]), 'crg':'0.0', 'pol':Polarizability(noniso =[ [0.347577498823,0.264853668854,-0.394927199277], [0.264853668854,0.203400519779,-0.301802390558], [-0.394927199277, -0.301802390558, 0.451021981398 ]])}
{'elname':'single', 'pos':Position([ -.25605789516252778842, 5.56902300401453426186, 8.92234208125368969033]), 'crg':'0.0', 'pol':Polarizability(noniso =[ [0.33344066726,0.451129298041,0.134438780838], [0.451129298041,0.61319238076,0.182436382795], [0.134438780838, 0.182436382795, 0.0553669519801 ]])}
{'elname':'double', 'pos':Position([ 2.58042107634266933646, 2.65223067055799078266, 10.07413017794417446556]), 'crg':'0.0', 'pol':Polarizability(noniso =[ [0.33481968016,0.441857402183,0.163744672442], [0.441857402183,0.585860556367,0.216739155559], [0.163744672442, 0.216739155559, 0.0813197634736 ]])}
{'elname':'single', 'pos':Position([ 1.84626246179918560360, 3.94858281876089899564, 11.34497102293900795423]), 'crg':'0.0', 'pol':Polarizability(noniso =[ [0.00119165092447,-0.00444903931798,-0.0131007096225], [-0.00444903931798,0.104281269882,0.304123616236], [-0.0131007096225, 0.304123616236, 0.896527079194 ]])}
{'elname':'double', 'pos':Position([ 3.32213859554039743208, 1.24155008945963658298, 8.46975266508080847020]), 'crg':'0.0', 'pol':Polarizability(noniso =[ [0.00101877964671,-0.00139595373912,-0.00410022286601], [-0.00139595373912,0.104765894608,0.30478323304], [-0.00410022286601, 0.30478323304, 0.896215325746 ]])}
{'elname':'single', 'pos':Position([ 3.91078829548967718185, 1.22737714323292840280, 10.31790485304355516450]), 'crg':'0.0', 'pol':Polarizability(noniso =[ [0.377346883702,0.281192728341,-0.394035797199], [0.281192728341,0.211096997999,-0.294409242315], [-0.394035797199, -0.294409242315, 0.413556118299 ]])}
{'elname':'single', 'pos':Position([ 3.85031705825572227979, .05574692182505217534, 6.97025495429508300810]), 'crg':'0.0', 'pol':Polarizability(noniso =[ [0.304594011053,0.434703637065,0.148841665596], [0.434703637065,0.623434057319,0.213120190207], [0.148841665596, 0.213120190207, 0.0739719316283 ]])}
{'elname':'pi', 'pos':Position([ -.96942952190683952369, -.66801819881884555872, -2.03240048890995303652]), 'crg':'0.0', 'pol':Polarizability(noniso =[ [0.52185984743,-0.358916093697,-0.346732237617], [-0.358916093697,0.248323273142,0.238927575044], [-0.346732237617, 0.238927575044, 0.231816879427 ]])}
{'elname':'pi', 'pos':Position([ .96942952190683952369, .66801819881884555872, -2.03240048890995303652]), 'crg':'0.0', 'pol':Polarizability(noniso =[ [0.52185984743,-0.358916093697,0.346732237617], [-0.358916093697,0.248323273142,-0.238927575044], [0.346732237617, -0.238927575044, 0.231816879427 ]])}
{'elname':'pi', 'pos':Position([ -2.95553171980954583832, -1.86138027110767432912, -2.02011726884680594703]), 'crg':'0.0', 'pol':Polarizability(noniso =[ [0.593733883796,-0.306282564489,0.383404073534], [-0.306282564489,0.159264968268,-0.198115859558], [0.383404073534, -0.198115859558, 0.249001147936 ]])}
{'elname':'single', 'pos':Position([ -1.86610458651657705584, -1.65823470852485708000, -4.06291125165634498235]), 'crg':'0.0', 'pol':Polarizability(noniso =[ [0.00360771315587,0.011548443976,0.0496481491754], [0.011548443976,0.0521431090366,0.21987037492], [0.0496481491754, 0.21987037492, 0.946249177808 ]])}
{'elname':'pi', 'pos':Position([ -3.97220439580541262926, -2.38672414457765754080, 0]), 'crg':'0.0', 'pol':Polarizability(noniso =[ [0.001,0.0,2.2182256032e-16], [0.0,0.001,0.0], [2.2182256032e-16, 0.0, 1.0 ]])}
{'elname':'pi', 'pos':Position([ -4.99360138721018214692, -3.01505809396172019504, -1.98988165022982849600]), 'crg':'0.0', 'pol':Polarizability(noniso =[ [0.569992874627,-0.350027994104,-0.349501636218], [-0.350027994104,0.216327119407,0.215003319228], [-0.349501636218, 0.215003319228, 0.215680005966 ]])}
{'elname':'pi', 'pos':Position([ -2.95553171980954583832, -1.86138027110767432912, 2.02011726884680594703]), 'crg':'0.0', 'pol':Polarizability(noniso =[ [0.593733883796,-0.306282564489,-0.383404073534], [-0.306282564489,0.159264968268,0.198115859558], [-0.383404073534, 0.198115859558, 0.249001147936 ]])}
{'elname':'pi', 'pos':Position([ -4.99360138721018214692, -3.01505809396172019504, 1.98988165022982849600]), 'crg':'0.0', 'pol':Polarizability(noniso =[ [0.569992874627,-0.350027994104,0.349501636218], [-0.350027994104,0.216327119407,-0.215003319228], [0.349501636218, -0.215003319228, 0.215680005966 ]])}
{'elname':'single', 'pos':Position([ -1.86610458651657705584, -1.65823470852485708000, 4.06291125165634498235]), 'crg':'0.0', 'pol':Polarizability(noniso =[ [0.00360771315587,0.011548443976,-0.0496481491754], [0.011548443976,0.0521431090366,-0.21987037492], [-0.0496481491754, -0.21987037492, 0.946249177808 ]])}
{'elname':'pi', 'pos':Position([ 2.95553171980954583832, 1.86138027110767432912, -2.02011726884680594703]), 'crg':'0.0', 'pol':Polarizability(noniso =[ [0.593733883796,-0.306282564489,-0.383404073534], [-0.306282564489,0.159264968268,0.198115859558], [-0.383404073534, 0.198115859558, 0.249001147936 ]])}
{'elname':'pi', 'pos':Position([ 4.99360138721018214692, 3.01505809396172019504, -1.98988165022982849600]), 'crg':'0.0', 'pol':Polarizability(noniso =[ [0.569992874627,-0.350027994104,0.349501636218], [-0.350027994104,0.216327119407,-0.215003319228], [0.349501636218, -0.215003319228, 0.215680005966 ]])}
{'elname':'single', 'pos':Position([ 1.86610458651657705584, 1.65823470852485708000, -4.06291125165634498235]), 'crg':'0.0', 'pol':Polarizability(noniso =[ [0.00360771315587,0.011548443976,-0.0496481491754], [0.011548443976,0.0521431090366,-0.21987037492], [-0.0496481491754, -0.21987037492, 0.946249177808 ]])}
{'elname':'double', 'pos':Position([ 1.04690829461284424196, 2.98671220150830383470, -5.82224630993172041425]), 'crg':'0.0', 'pol':Polarizability(noniso =[ [0.326550912439,0.438875597149,-0.163187545982], [0.438875597149,0.592648748056,-0.219993337305], [-0.163187545982, -0.219993337305, 0.082800339505 ]])}
{'elname':'double', 'pos':Position([ 2.55490977313459461216, 1.40028708719876820089, -6.34003127874745926317]), 'crg':'0.0', 'pol':Polarizability(noniso =[ [0.339407129538,0.257794016795,0.396347804323], [0.257794016795,0.197384027682,0.301932446469], [0.396347804323, 0.301932446469, 0.46520884278 ]])}
{'elname':'pi', 'pos':Position([ .30141132308799396496, 4.40211709801556076112, -7.44646594751247786185]), 'crg':'0.0', 'pol':Polarizability(noniso =[ [0.00100051552802,-0.000223223634405,0.000682043575793], [-0.000223223634405,0.0976558336976,-0.295324868318], [0.000682043575793, -0.295324868318, 0.903343650774 ]])}
{'elname':'single', 'pos':Position([ -.24377467509938069894, 4.42384894889651330404, -5.56335382552385098979]), 'crg':'0.0', 'pol':Polarizability(noniso =[ [0.336262189818,0.265415900272,0.389975116628], [0.265415900272,0.211120921049,0.308730300664], [0.389975116628, 0.308730300664, 0.454616889133 ]])}
{'elname':'double', 'pos':Position([ 1.06769528241201623954, 4.22637256480437932699, -9.56862842919158270613]), 'crg':'0.0', 'pol':Polarizability(noniso =[ [0.347577498823,0.264853668854,0.394927199277], [0.264853668854,0.203400519779,0.301802390558], [0.394927199277, 0.301802390558, 0.451021981398 ]])}
{'elname':'single', 'pos':Position([ -.25605789516252778842, 5.56902300401453426186, -8.92234208125368969033]), 'crg':'0.0', 'pol':Polarizability(noniso =[ [0.33344066726,0.451129298041,-0.134438780838], [0.451129298041,0.61319238076,-0.182436382795], [-0.134438780838, -0.182436382795, 0.0553669519801 ]])}
{'elname':'double', 'pos':Position([ 2.58042107634266933646, 2.65223067055799078266, -10.07413017794417446556]), 'crg':'0.0', 'pol':Polarizability(noniso =[ [0.33481968016,0.441857402183,-0.163744672442], [0.441857402183,0.585860556367,-0.216739155559], [-0.163744672442, -0.216739155559, 0.0813197634736 ]])}
{'elname':'single', 'pos':Position([ 1.84626246179918560360, 3.94858281876089899564, -11.34497102293900795423]), 'crg':'0.0', 'pol':Polarizability(noniso =[ [0.00119165092447,-0.00444903931798,0.0131007096225], [-0.00444903931798,0.104281269882,-0.304123616236], [0.0131007096225, -0.304123616236, 0.896527079194 ]])}
{'elname':'double', 'pos':Position([ 3.32213859554039743208, 1.24155008945963658298, -8.46975266508080847020]), 'crg':'0.0', 'pol':Polarizability(noniso =[ [0.00101877964671,-0.00139595373912,0.00410022286601], [-0.00139595373912,0.104765894608,-0.30478323304], [0.00410022286601, -0.30478323304, 0.896215325746 ]])}
{'elname':'single', 'pos':Position([ 3.91078829548967718185, 1.22737714323292840280, -10.31790485304355516450]), 'crg':'0.0', 'pol':Polarizability(noniso =[ [0.377346883702,0.281192728341,0.394035797199], [0.281192728341,0.211096997999,0.294409242315], [0.394035797199, 0.294409242315, 0.413556118299 ]])}
{'elname':'single', 'pos':Position([ 3.85031705825572227979, .05574692182505217534, -6.97025495429508300810]), 'crg':'0.0', 'pol':Polarizability(noniso =[ [0.304594011053,0.434703637065,-0.148841665596], [0.434703637065,0.623434057319,-0.213120190207], [-0.148841665596, -0.213120190207, 0.0739719316283 ]])}
{'elname':'double', 'pos':Position([ 6.96553063888618028138, 4.20180612467808514803, -1.97665356708490086118]), 'crg':'0.0', 'pol':Polarizability(noniso =[ [0.556202311256,-0.326167560589,-0.374182074584], [-0.326167560589,0.19261533629,0.219822670059], [-0.374182074584, 0.219822670059, 0.253182352453 ]])}
{'elname':'single', 'pos':Position([ 5.97342440301660766941, 3.70386328057973775135, -3.54512628284060613344]), 'crg':'0.0', 'pol':Polarizability(noniso =[ [0.00299314890617,0.00289912568171,-0.0444834596787], [0.00289912568171,0.00521691008249,-0.0647032140781], [-0.0444834596787, -0.0647032140781, 0.993789941011 ]])}
{'elname':'single', 'pos':Position([ 8.61431671659323190794, 5.20336099136546321345, -1.81130252777330542585]), 'crg':'0.0', 'pol':Polarizability(noniso =[ [0.536354427622,-0.339758087354,0.36438873761], [-0.339758087354,0.216624550703,-0.231256181244], [0.36438873761, -0.231256181244, 0.249021021675 ]])}
{'elname':'double', 'pos':Position([ -1.04690829461284424196, -2.98671220150830383470, 5.82224630993172041425]), 'crg':'0.0', 'pol':Polarizability(noniso =[ [0.326550912439,0.438875597149,-0.163187545982], [0.438875597149,0.592648748056,-0.219993337305], [-0.163187545982, -0.219993337305, 0.082800339505 ]])}
{'elname':'double', 'pos':Position([ -2.55490977313459461216, -1.40028708719876820089, 6.34003127874745926317]), 'crg':'0.0', 'pol':Polarizability(noniso =[ [0.339407129538,0.257794016795,0.396347804323], [0.257794016795,0.197384027682,0.301932446469], [0.396347804323, 0.301932446469, 0.46520884278 ]])}
{'elname':'pi', 'pos':Position([ -.30141132308799396496, -4.40211709801556076112, 7.44646594751247786185]), 'crg':'0.0', 'pol':Polarizability(noniso =[ [0.00100051552802,-0.000223223634406,0.000682043575793], [-0.000223223634406,0.0976558336976,-0.295324868318], [0.000682043575793, -0.295324868318, 0.903343650774 ]])}
{'elname':'single', 'pos':Position([ .24377467509938069894, -4.42384894889651330404, 5.56335382552385098979]), 'crg':'0.0', 'pol':Polarizability(noniso =[ [0.336262189818,0.265415900272,0.389975116628], [0.265415900272,0.211120921049,0.308730300664], [0.389975116628, 0.308730300664, 0.454616889133 ]])}
{'elname':'double', 'pos':Position([ -1.06769528241201623954, -4.22637256480437932699, 9.56862842919158270613]), 'crg':'0.0', 'pol':Polarizability(noniso =[ [0.347577498823,0.264853668854,0.394927199277], [0.264853668854,0.203400519779,0.301802390558], [0.394927199277, 0.301802390558, 0.451021981398 ]])}
{'elname':'single', 'pos':Position([ .25605789516252778842, -5.56902300401453426186, 8.92234208125368969033]), 'crg':'0.0', 'pol':Polarizability(noniso =[ [0.33344066726,0.451129298041,-0.134438780838], [0.451129298041,0.61319238076,-0.182436382795], [-0.134438780838, -0.182436382795, 0.0553669519801 ]])}
{'elname':'double', 'pos':Position([ -2.58042107634266933646, -2.65223067055799078266, 10.07413017794417446556]), 'crg':'0.0', 'pol':Polarizability(noniso =[ [0.33481968016,0.441857402183,-0.163744672442], [0.441857402183,0.585860556367,-0.216739155559], [-0.163744672442, -0.216739155559, 0.0813197634736 ]])}
{'elname':'single', 'pos':Position([ -1.84626246179918560360, -3.94858281876089899564, 11.34497102293900795423]), 'crg':'0.0', 'pol':Polarizability(noniso =[ [0.00119165092447,-0.00444903931798,0.0131007096225], [-0.00444903931798,0.104281269882,-0.304123616236], [0.0131007096225, -0.304123616236, 0.896527079194 ]])}
{'elname':'double', 'pos':Position([ -3.32213859554039743208, -1.24155008945963658298, 8.46975266508080847020]), 'crg':'0.0', 'pol':Polarizability(noniso =[ [0.00101877964671,-0.00139595373912,0.00410022286601], [-0.00139595373912,0.104765894608,-0.30478323304], [0.00410022286601, -0.30478323304, 0.896215325746 ]])}
{'elname':'single', 'pos':Position([ -3.91078829548967718185, -1.22737714323292840280, 10.31790485304355516450]), 'crg':'0.0', 'pol':Polarizability(noniso =[ [0.377346883702,0.281192728341,0.394035797199], [0.281192728341,0.211096997999,0.294409242315], [0.394035797199, 0.294409242315, 0.413556118299 ]])}
{'elname':'single', 'pos':Position([ -3.85031705825572227979, -.05574692182505217534, 6.97025495429508300810]), 'crg':'0.0', 'pol':Polarizability(noniso =[ [0.304594011053,0.434703637065,-0.148841665596], [0.434703637065,0.623434057319,-0.213120190207], [-0.148841665596, -0.213120190207, 0.0739719316283 ]])}
{'elname':'double', 'pos':Position([ -6.96553063888618028138, -4.20180612467808514803, 1.97665356708490086118]), 'crg':'0.0', 'pol':Polarizability(noniso =[ [0.556202311256,-0.326167560589,-0.374182074584], [-0.326167560589,0.19261533629,0.219822670059], [-0.374182074584, 0.219822670059, 0.253182352453 ]])}
{'elname':'single', 'pos':Position([ -5.97342440301660766941, -3.70386328057973775135, 3.54512628284060613344]), 'crg':'0.0', 'pol':Polarizability(noniso =[ [0.00299314890617,0.00289912568171,-0.0444834596787], [0.00289912568171,0.00521691008249,-0.0647032140781], [-0.0444834596787, -0.0647032140781, 0.993789941011 ]])}
{'elname':'pi', 'pos':Position([ -7.91606289915740889819, -4.76022020601038744677, 0]), 'crg':'0.0', 'pol':Polarizability(noniso =[ [0.001,0.0,-2.2182256032e-16], [0.0,0.001,0.0], [-2.2182256032e-16, 0.0, 1.0 ]])}
{'elname':'single', 'pos':Position([ -8.61431671659323190794, -5.20336099136546321345, 1.81130252777330542585]), 'crg':'0.0', 'pol':Polarizability(noniso =[ [0.536354427622,-0.339758087354,0.36438873761], [-0.339758087354,0.216624550703,-0.231256181244], [0.36438873761, -0.231256181244, 0.249021021675 ]])}
{'elname':'double', 'pos':Position([ -6.96553063888618028138, -4.20180612467808514803, -1.97665356708490086118]), 'crg':'0.0', 'pol':Polarizability(noniso =[ [0.556202311256,-0.326167560589,0.374182074584], [-0.326167560589,0.19261533629,-0.219822670059], [0.374182074584, -0.219822670059, 0.253182352453 ]])}
{'elname':'single', 'pos':Position([ -8.61431671659323190794, -5.20336099136546321345, -1.81130252777330542585]), 'crg':'0.0', 'pol':Polarizability(noniso =[ [0.536354427622,-0.339758087354,-0.36438873761], [-0.339758087354,0.216624550703,0.231256181244], [-0.36438873761, 0.231256181244, 0.249021021675 ]])}
{'elname':'single', 'pos':Position([ -5.97342440301660766941, -3.70386328057973775135, -3.54512628284060613344]), 'crg':'0.0', 'pol':Polarizability(noniso =[ [0.00299314890617,0.00289912568171,0.0444834596787], [0.00289912568171,0.00521691008249,0.0647032140781], [0.0444834596787, 0.0647032140781, 0.993789941011 ]])}
{'elname':'double', 'pos':Position([ -1.04690829461284424196, -2.98671220150830383470, -5.82224630993172041425]), 'crg':'0.0', 'pol':Polarizability(noniso =[ [0.326550912439,0.438875597149,0.163187545982], [0.438875597149,0.592648748056,0.219993337305], [0.163187545982, 0.219993337305, 0.082800339505 ]])}
{'elname':'double', 'pos':Position([ -2.55490977313459461216, -1.40028708719876820089, -6.34003127874745926317]), 'crg':'0.0', 'pol':Polarizability(noniso =[ [0.339407129538,0.257794016795,-0.396347804323], [0.257794016795,0.197384027682,-0.301932446469], [-0.396347804323, -0.301932446469, 0.46520884278 ]])}
{'elname':'pi', 'pos':Position([ -.30141132308799396496, -4.40211709801556076112, -7.44646594751247786185]), 'crg':'0.0', 'pol':Polarizability(noniso =[ [0.00100051552802,-0.000223223634406,-0.000682043575793], [-0.000223223634406,0.0976558336976,0.295324868318], [-0.000682043575793, 0.295324868318, 0.903343650774 ]])}
{'elname':'single', 'pos':Position([ .24377467509938069894, -4.42384894889651330404, -5.56335382552385098979]), 'crg':'0.0', 'pol':Polarizability(noniso =[ [0.336262189818,0.265415900272,-0.389975116628], [0.265415900272,0.211120921049,-0.308730300664], [-0.389975116628, -0.308730300664, 0.454616889133 ]])}
{'elname':'double', 'pos':Position([ -1.06769528241201623954, -4.22637256480437932699, -9.56862842919158270613]), 'crg':'0.0', 'pol':Polarizability(noniso =[ [0.347577498823,0.264853668854,-0.394927199277], [0.264853668854,0.203400519779,-0.301802390558], [-0.394927199277, -0.301802390558, 0.451021981398 ]])}
{'elname':'single', 'pos':Position([ .25605789516252778842, -5.56902300401453426186, -8.92234208125368969033]), 'crg':'0.0', 'pol':Polarizability(noniso =[ [0.33344066726,0.451129298041,0.134438780838], [0.451129298041,0.61319238076,0.182436382795], [0.134438780838, 0.182436382795, 0.0553669519801 ]])}
{'elname':'double', 'pos':Position([ -2.58042107634266933646, -2.65223067055799078266, -10.07413017794417446556]), 'crg':'0.0', 'pol':Polarizability(noniso =[ [0.33481968016,0.441857402183,0.163744672442], [0.441857402183,0.585860556367,0.216739155559], [0.163744672442, 0.216739155559, 0.0813197634736 ]])}
{'elname':'single', 'pos':Position([ -1.84626246179918560360, -3.94858281876089899564, -11.34497102293900795423]), 'crg':'0.0', 'pol':Polarizability(noniso =[ [0.00119165092447,-0.00444903931798,-0.0131007096225], [-0.00444903931798,0.104281269882,0.304123616236], [-0.0131007096225, 0.304123616236, 0.896527079194 ]])}
{'elname':'double', 'pos':Position([ -3.32213859554039743208, -1.24155008945963658298, -8.46975266508080847020]), 'crg':'0.0', 'pol':Polarizability(noniso =[ [0.00101877964671,-0.00139595373912,-0.00410022286601], [-0.00139595373912,0.104765894608,0.30478323304], [-0.00410022286601, 0.30478323304, 0.896215325746 ]])}
{'elname':'single', 'pos':Position([ -3.91078829548967718185, -1.22737714323292840280, -10.31790485304355516450]), 'crg':'0.0', 'pol':Polarizability(noniso =[ [0.377346883702,0.281192728341,-0.394035797199], [0.281192728341,0.211096997999,-0.294409242315], [-0.394035797199, -0.294409242315, 0.413556118299 ]])}
{'elname':'single', 'pos':Position([ -3.85031705825572227979, -.05574692182505217534, -6.97025495429508300810]), 'crg':'0.0', 'pol':Polarizability(noniso =[ [0.304594011053,0.434703637065,0.148841665596], [0.434703637065,0.623434057319,0.213120190207], [0.148841665596, 0.213120190207, 0.0739719316283 ]])}
