{'elname':'pi', 'pos':Position([ 2.04721027285378130425, 1.17992045008741873232, -.10078571034428543029]), 'crg':'0.0', 'pol':Polarizability(noniso =[ [0.235018300674,-0.421457020555,0.0373322534562], [-0.421457020555,0.760026194375,-0.0672338029415], [0.0373322534562, -0.0672338029415, 0.00695550495025 ]])}
{'elname':'single', 'pos':Position([ .00005858151107039381, .00141729462267081801, .00432747291455489767]), 'crg':'0.0', 'pol':Polarizability(noniso =[ [0.999999732789,6.64194297667e-05,0.0005123784582], [6.64194297667e-05,0.00100000441596,3.40659600813e-08], [0.0005123784582, 3.40659600813e-08, 0.00100026279455 ]])}
{'elname':'pi', 'pos':Position([ 2.04692114475075645737, -1.17715105639471995392, .10941514487018715091]), 'crg':'0.0', 'pol':Polarizability(noniso =[ [0.234858414204,0.421312328038,-0.03782486139], [0.421312328038,0.76002369543,-0.0681441395392], [-0.03782486139, -0.0681441395392, 0.0071178903656 ]])}
{'elname':'pi', 'pos':Position([ 2.03434879658458452102, 3.48289760027453941703, -.45290027612678701954]), 'crg':'0.0', 'pol':Polarizability(noniso =[ [0.252192237193,0.423258855647,-0.0932493755799], [0.423258855647,0.714191063887,-0.157125174085], [-0.0932493755799, -0.157125174085, 0.0356166989204 ]])}
{'elname':'single', 'pos':Position([ 4.07070826180719804254, 2.51271124303919367651, .13819378461505900103]), 'crg':'0.0', 'pol':Polarizability(noniso =[ [0.929791488405,-0.104607484094,-0.232951373155], [-0.104607484094,0.0127816817499,0.0262367359802], [-0.232951373155, 0.0262367359802, 0.0594268298455 ]])}
{'elname':'pi', 'pos':Position([ 2.00503536433542488224, 5.79655075842269848360, -.86865703964569902104]), 'crg':'0.0', 'pol':Polarizability(noniso =[ [0.220832198065,-0.409796761527,0.0579032365466], [-0.409796761527,0.764916238097,-0.107939414825], [0.0579032365466, -0.107939414825, 0.0162515638386 ]])}
{'elname':'pi', 'pos':Position([ .00068408087120911483, 4.60726766005791632745, -.70135674779639032067]), 'crg':'0.0', 'pol':Polarizability(noniso =[ [0.999999706305,-8.28982337047e-06,-0.000541601793538], [-8.28982337047e-06,0.00100000006879,4.49427880431e-09], [-0.000541601793538, 4.49427880431e-09, 0.00100029362622 ]])}
{'elname':'double', 'pos':Position([ 1.99443683514709250511, 8.08648974294432942311, -1.21668412773641797114]), 'crg':'0.0', 'pol':Polarizability(noniso =[ [0.253462924204,0.428444133489,-0.0700610994838], [0.428444133489,0.728094388612,-0.11889772391], [-0.0700610994838, -0.11889772391, 0.0204426871841 ]])}
{'elname':'single', 'pos':Position([ 3.66489145790861737806, 7.00020333453519917335, -1.02403882858142792244]), 'crg':'0.0', 'pol':Polarizability(noniso =[ [0.999648960863,-0.0140538775199,-0.0123714750993], [-0.0140538775199,0.00119777868008,0.000174102414963], [-0.0123714750993, 0.000174102414963, 0.00115326045701 ]])}
{'elname':'single', 'pos':Position([ 1.85680807865493827020, 10.06674040378156882042, -1.53249232960150210552]), 'crg':'0.0', 'pol':Polarizability(noniso =[ [0.248634723357,-0.426299026659,0.0658275952097], [-0.426299026659,0.734866630926,-0.113321102084], [0.0658275952097, -0.113321102084, 0.0184986457163 ]])}
{'elname':'pi', 'pos':Position([ .00078990553636853591, 9.18689901983683348413, -1.39877530626791932834]), 'crg':'0.0', 'pol':Polarizability(noniso =[ [0.999997516222,-0.000191579951391,-0.00156351696593], [-0.000191579951391,0.00100003673971,2.99839088153e-07], [-0.00156351696593, 2.99839088153e-07, 0.00100244703842 ]])}
{'elname':'double', 'pos':Position([ 5.75802585598926030826, 2.75986852797134872779, 1.76521210664405042393]), 'crg':'0.0', 'pol':Polarizability(noniso =[ [0.0585652369073,-0.0168152265128,-0.232187776008], [-0.0168152265128,0.00591185058672,0.0678237467062], [-0.232187776008, 0.0678237467062, 0.937522912506 ]])}
{'elname':'double', 'pos':Position([ 6.39262802705785510033, 2.85521466155382355853, -.41877843565444618551]), 'crg':'0.0', 'pol':Polarizability(noniso =[ [0.518107711505,-0.102194269613,0.48861697653], [-0.102194269613,0.021196312121,-0.0965637408341], [0.48861697653, -0.0965637408341, 0.462695976374 ]])}
{'elname':'pi', 'pos':Position([ 7.31462353253314768663, 3.10480402405848173352, 3.42322666207085263688]), 'crg':'0.0', 'pol':Polarizability(noniso =[ [0.882887433117,-0.179441921879,-0.26660963536], [-0.179441921879,0.03751191991,0.0542483581961], [-0.26660963536, 0.0542483581961, 0.0816006469729 ]])}
{'elname':'single', 'pos':Position([ 5.34193366607631621317, 2.73122972796258039839, 3.75555390519470604553]), 'crg':'0.0', 'pol':Polarizability(noniso =[ [0.512372474136,-0.0846794459842,0.492126696884], [-0.0846794459842,0.0150222810864,-0.0814924896311], [0.492126696884, -0.0814924896311, 0.474605244778 ]])}
{'elname':'double', 'pos':Position([ 9.49521351260031611338, 3.52958139541915260143, 2.89200762995835799425]), 'crg':'0.0', 'pol':Polarizability(noniso =[ [0.511380508784,-0.0936024043674,0.490530788458], [-0.0936024043674,0.0181664276997,-0.0899620193673], [0.490530788458, -0.0899620193673, 0.472453063516 ]])}
{'elname':'single', 'pos':Position([ 8.77880226132191636373, 3.42570125848203588514, 4.79667018911623554453]), 'crg':'0.0', 'pol':Polarizability(noniso =[ [0.049342221028,-0.0147543227162,-0.213867291642], [-0.0147543227162,0.00550310379177,0.0652735222384], [-0.213867291642, 0.0652735222384, 0.94715467518 ]])}
{'elname':'double', 'pos':Position([ 10.13034386213162623030, 3.62373227720317504230, .70591854675522679359]), 'crg':'0.0', 'pol':Polarizability(noniso =[ [0.0551449890792,-0.013867000972,-0.225758434021], [-0.013867000972,0.00455145913273,0.0578186915769], [-0.225758434021, 0.0578186915769, 0.942303551788 ]])}
{'elname':'single', 'pos':Position([ 11.40219004144547421921, 3.90098912046853114608, 2.27464543067993103255]), 'crg':'0.0', 'pol':Polarizability(noniso =[ [0.883788728956,-0.181733430332,-0.263747910997], [-0.181733430332,0.0384121673928,0.0542959045988], [-0.263747910997, 0.0542959045988, 0.0797991036513 ]])}
{'elname':'double', 'pos':Position([ 8.58435605313305259561, 3.29430103942497900513, -.94685296343077517322]), 'crg':'0.0', 'pol':Polarizability(noniso =[ [0.884076732233,-0.178755329507,-0.265359515869], [-0.178755329507,0.0371842483906,0.0537149558645], [-0.265359515869, 0.0537149558645, 0.080739019376 ]])}
{'elname':'single', 'pos':Position([ 10.54959094987463556630, 3.67960864527043115235, -1.28709060027529530750]), 'crg':'0.0', 'pol':Polarizability(noniso =[ [0.501362544135,-0.0926729891614,0.490827080648], [-0.0926729891614,0.0181641203379,-0.090906909916], [0.490827080648, -0.090906909916, 0.482473335527 ]])}
{'elname':'single', 'pos':Position([ 7.11328738275194018185, 2.98343825092993424508, -2.31607578708984438482]), 'crg':'0.0', 'pol':Polarizability(noniso =[ [0.0522239518,-0.013255455255,-0.219938917693], [-0.013255455255,0.00443017451492,0.0569145952211], [-0.219938917693, 0.0569145952211, 0.945345873685 ]])}
{'elname':'pi', 'pos':Position([ -2.04720743826453596261, -1.17684114130389593504, .11098267272286107564]), 'crg':'0.0', 'pol':Polarizability(noniso =[ [0.235113236452,-0.421466820239,0.0378924157519], [-0.421466820239,0.759753683704,-0.0682165443532], [0.0378924157519, -0.0682165443532, 0.00713307984322 ]])}
{'elname':'pi', 'pos':Position([ -2.04667642521257529613, 1.18017272853025413793, -.10074886068409598902]), 'crg':'0.0', 'pol':Polarizability(noniso =[ [0.234732474087,0.421234425791,-0.037807812661], [0.421234425791,0.760151855835,-0.0681375248301], [-0.037807812661, -0.0681375248301, 0.00711567007878 ]])}
{'elname':'pi', 'pos':Position([ -2.03426375890722427194, -3.47964349182088721887, .46459673621614839036]), 'crg':'0.0', 'pol':Polarizability(noniso =[ [0.252283676005,0.423314584386,-0.0932398474262], [0.423314584386,0.714119292918,-0.157072627594], [-0.0932398474262, -0.157072627594, 0.0355970310778 ]])}
{'elname':'single', 'pos':Position([ -4.06986166448592267391, -2.50981145824120918285, -.12979017236570283073]), 'crg':'0.0', 'pol':Polarizability(noniso =[ [0.928579288931,-0.104831755007,-0.235071639145], [-0.104831755007,0.0128477169435,0.0265669714471], [-0.235071639145, 0.0265669714471, 0.0605729941252 ]])}
{'elname':'pi', 'pos':Position([ -.00037511064346687650, -4.60448031396666371869, .71001358335166367711]), 'crg':'0.0', 'pol':Polarizability(noniso =[ [0.999997196446,0.000281847634386,0.00164963762479], [0.000281847634386,0.00100007951783,4.65413180132e-07], [0.00164963762479, 4.65413180131e-07, 0.00100272403597 ]])}
{'elname':'pi', 'pos':Position([ -2.00449584751572819085, -5.79325035167803903871, .88188984710603555859]), 'crg':'0.0', 'pol':Polarizability(noniso =[ [0.220663061096,-0.409607065338,0.0584259330239], [-0.409607065338,0.764796821997,-0.108947197796], [0.0584259330239, -0.108947197796, 0.0165401169076 ]])}
{'elname':'pi', 'pos':Position([ 2.03354377323890749638, -3.48024631446706320680, .46148719181400861563]), 'crg':'0.0', 'pol':Polarizability(noniso =[ [0.252345384607,-0.42346268854,0.0927301907367], [-0.42346268854,0.714443172491,-0.156230343913], [0.0927301907367, -0.156230343913, 0.0352114429016 ]])}
{'elname':'pi', 'pos':Position([ 2.00409239097980789799, -5.79390608665679473718, .87708899778750860769]), 'crg':'0.0', 'pol':Polarizability(noniso =[ [0.220893623187,0.40977442944,-0.0583561566777], [0.40977442944,0.764619611109,-0.108747404588], [-0.0583561566777, -0.108747404588, 0.0164867657044 ]])}
{'elname':'single', 'pos':Position([ 4.06905002709867318546, -2.51020074183090276753, -.13225720987223183463]), 'crg':'0.0', 'pol':Polarizability(noniso =[ [0.928330988081,0.10478228678,0.23554525683], [0.10478228678,0.0128397074659,0.0266150608231], [0.23554525683, 0.0266150608231, 0.0608293044533 ]])}
{'elname':'pi', 'pos':Position([ -2.03318944958323979188, 3.48304594377837896265, -.45431851561253961810]), 'crg':'0.0', 'pol':Polarizability(noniso =[ [0.25236004253,-0.423344708936,0.0933063177003], [-0.423344708936,0.714004106699,-0.157148031609], [0.0933063177003, -0.157148031609, 0.0356358507707 ]])}
{'elname':'pi', 'pos':Position([ -2.00364263615288035841, 5.79634477827087032471, -.87143682683229738544]), 'crg':'0.0', 'pol':Polarizability(noniso =[ [0.220818751082,0.409724313301,-0.0583492595845], [0.409724313301,0.764692870072,-0.10875828471], [-0.0583492595845, -0.10875828471, 0.0164883788453 ]])}
{'elname':'single', 'pos':Position([ -4.06991646654466594554, 2.51351721124795248169, .13615854953690370636]), 'crg':'0.0', 'pol':Polarizability(noniso =[ [0.929952399636,0.104943614058,0.232503170549], [0.104943614058,0.0128554644305,0.0262658485052], [0.232503170549, 0.0262658485052, 0.0591921359337 ]])}
{'elname':'double', 'pos':Position([ -5.75787751248542076264, 2.76234123465636841496, 1.76228775540593963609]), 'crg':'0.0', 'pol':Polarizability(noniso =[ [0.0587409360119,0.0170546907947,0.232504444917], [0.0170546907947,0.00603737033366,0.0686738333381], [0.232504444917, 0.0686738333381, 0.937221693654 ]])}
{'elname':'double', 'pos':Position([ -6.39164536945280333317, 2.85576929618282873864, -.42200892253105387004]), 'crg':'0.0', 'pol':Polarizability(noniso =[ [0.517733026523,0.101757370426,-0.488721505932], [0.101757370426,0.0210385148702,-0.0962412169563], [-0.488721505932, -0.0962412169563, 0.463228458606 ]])}
{'elname':'pi', 'pos':Position([ -7.31509596407403795930, 3.10881307811447658742, 3.41940469090505033096]), 'crg':'0.0', 'pol':Polarizability(noniso =[ [0.88308053751,0.179715199804,0.266148134088], [0.179715199804,0.0376151974417,0.0542250543584], [0.266148134088, 0.0542250543584, 0.0813042650487 ]])}
{'elname':'single', 'pos':Position([ -5.34254593735331000655, 2.73548066696751107190, 3.75281096766829712239]), 'crg':'0.0', 'pol':Polarizability(noniso =[ [0.511987576038,0.0842311715393,-0.49221275414], [0.0842311715393,0.0148846629382,-0.0811363306506], [-0.49221275414, -0.0811363306506, 0.475127761024 ]])}
{'elname':'double', 'pos':Position([ -9.49547429481088754390, 3.53318699293922716246, 2.88699135185718507902]), 'crg':'0.0', 'pol':Polarizability(noniso =[ [0.511004270056,0.0931565950001,-0.490623846871], [0.0931565950001,0.0180158402616,-0.0896165967304], [-0.490623846871, -0.0896165967304, 0.472979889682 ]])}
{'elname':'single', 'pos':Position([ -8.77978586379004991144, 3.43094052427050900907, 4.79201295898613923653]), 'crg':'0.0', 'pol':Polarizability(noniso =[ [0.0495030349844,0.0149662606456,0.214191499806], [0.0149662606456,0.00561804004189,0.0660916541653], [0.214191499806, 0.0660916541653, 0.946878924974 ]])}
{'elname':'double', 'pos':Position([ -10.12976466106249475600, 3.62546232150591522083, .70058668438473917621]), 'crg':'0.0', 'pol':Polarizability(noniso =[ [0.0553189264224,0.014086336839,0.226087675124], [0.014086336839,0.00465296036965,0.0586305245096], [0.226087675124, 0.0586305245096, 0.942028113208 ]])}
{'elname':'single', 'pos':Position([ -11.40220515925478270794, 3.90412323131079721499, 2.26858035455798171198]), 'crg':'0.0', 'pol':Polarizability(noniso =[ [0.883976699701,0.182016633665,0.263278969642], [0.182016633665,0.0385208710964,0.0542722721734], [0.263278969642, 0.0542722721734, 0.0795024292025 ]])}
{'elname':'double', 'pos':Position([ -8.58315418729302774193, 3.29451646820762496947, -.95129665450438907798]), 'crg':'0.0', 'pol':Polarizability(noniso =[ [0.884260674283,0.179057994699,0.264889088881], [0.179057994699,0.0372993240833,0.0536993329984], [0.264889088881, 0.0536993329984, 0.0804400016337 ]])}
{'elname':'single', 'pos':Position([ -10.54823601621536226428, 3.67963226684747566599, -1.29263127738685642540]), 'crg':'0.0', 'pol':Polarizability(noniso =[ [0.500972982597,0.0922303441873,-0.490910979607], [0.0922303441873,0.0180137921148,-0.0905586705492], [-0.490910979607, -0.0905586705492, 0.483013225288 ]])}
{'elname':'single', 'pos':Position([ -7.11159135352014410295, 2.98238000427834003429, -2.31968421919916428749]), 'crg':'0.0', 'pol':Polarizability(noniso =[ [0.052384494361,0.0134695252096,0.220252844469], [0.0134695252096,0.00453079487555,0.0577353397742], [0.220252844469, 0.0577353397742, 0.945084710763 ]])}
{'elname':'double', 'pos':Position([ -1.99293828229938856020, 8.08603715352815654188, -1.22082829721310744302]), 'crg':'0.0', 'pol':Polarizability(noniso =[ [0.25352772589,-0.428475774348,0.0700960527974], [-0.428475774348,0.728015176477,-0.11893529867], [0.0700960527974, -0.11893529867, 0.0204570976334 ]])}
{'elname':'single', 'pos':Position([ -3.66349967458915463477, 6.99953815092562566943, -1.03014736840513914809]), 'crg':'0.0', 'pol':Polarizability(noniso =[ [0.999701698179,0.0137846337029,0.0103874158979], [0.0137846337029,0.00119026314531,0.000143372864524], [0.0103874158979, 0.000143372864524, 0.00110803867585 ]])}
{'elname':'single', 'pos':Position([ -1.85514984394641341312, 10.06604403969029655850, -1.53815678377677647487]), 'crg':'0.0', 'pol':Polarizability(noniso =[ [0.248558817776,0.426146325319,-0.066522177633], [0.426146325319,0.734565833825,-0.114510894038], [-0.066522177633, -0.114510894038, 0.0188753483992 ]])}
{'elname':'double', 'pos':Position([ 5.75181621581579856425, -2.75213954796238386687, -1.76465180283655456055]), 'crg':'0.0', 'pol':Polarizability(noniso =[ [0.0573136306356,0.0156296593349,0.229873455968], [0.0156296593349,0.00533795953426,0.0638006068222], [0.229873455968, 0.0638006068222, 0.93934840983 ]])}
{'elname':'double', 'pos':Position([ 6.39142899580707558828, -2.86140068015024078890, .41722224615875362732]), 'crg':'0.0', 'pol':Polarizability(noniso =[ [0.519770132159,0.106878621123,-0.487550892065], [0.106878621123,0.0230194628507,-0.100446737082], [-0.487550892065, -0.100446737082, 0.45921040499 ]])}
{'elname':'pi', 'pos':Position([ 7.30307352622146230033, -3.09385589552989055461, -3.42832230867089511792]), 'crg':'0.0', 'pol':Polarizability(noniso =[ [0.880291169827,0.180875283249,0.269338168908], [0.180875283249,0.0382070927279,0.0554044203591], [0.269338168908, 0.0554044203591, 0.0835017374451 ]])}
{'elname':'single', 'pos':Position([ 5.33087026425174780772, -2.71192995465413097918, -3.75378228691636752301]), 'crg':'0.0', 'pol':Polarizability(noniso =[ [0.514297030788,0.0890059664497,-0.491312354697], [0.0890059664497,0.0164336798939,-0.0851938124235], [-0.491312354697, -0.0851938124235, 0.471269289319 ]])}
{'elname':'double', 'pos':Position([ 9.48351327305862762038, -3.52887558269706253406, -2.90476328156239535640]), 'crg':'0.0', 'pol':Polarizability(noniso =[ [0.513219446252,0.09803591094,-0.4896196747], [0.09803591094,0.0197635200189,-0.0937104422227], [-0.4896196747, -0.0937104422227, 0.469017033729 ]])}
{'elname':'single', 'pos':Position([ 8.76262715022491520798, -3.41285962433755649336, -4.80704856520651305460]), 'crg':'0.0', 'pol':Polarizability(noniso =[ [0.0481691729014,0.013670906547,0.21144781666], [0.013670906547,0.00496219976568,0.0612833162705], [0.21144781666, 0.0612833162705, 0.948868627333 ]])}
{'elname':'double', 'pos':Position([ 10.12384698358130320051, -3.63644540996853227992, -.72081620296566065204]), 'crg':'0.0', 'pol':Polarizability(noniso =[ [0.0539245802107,0.0127417431379,0.223401639255], [0.0127417431379,0.00406761088224,0.0537845797292], [0.223401639255, 0.0537845797292, 0.944007808907 ]])}
{'elname':'single', 'pos':Position([ 11.39078554404838303690, -3.90996720947160988795, -2.29415685331869929391]), 'crg':'0.0', 'pol':Polarizability(noniso =[ [0.881189973165,0.183128876223,0.266531816159], [0.183128876223,0.039101076278,0.0554535650928], [0.266531816159, 0.0554535650928, 0.0817089505573 ]])}
{'elname':'double', 'pos':Position([ 8.58302001673541490449, -3.31068685498921722250, .93749881892114777431]), 'crg':'0.0', 'pol':Polarizability(noniso =[ [0.881641368351,0.179843595774,0.26811898178], [0.179843595774,0.0377274580814,0.0547549587284], [0.26811898178, 0.0547549587284, 0.0826311735678 ]])}
{'elname':'single', 'pos':Position([ 10.54790342441057551231, -3.70400217545275949152, 1.27080021588231692521]), 'crg':'0.0', 'pol':Polarizability(noniso =[ [0.503186570997,0.0970688592241,-0.489970069397], [0.0970688592241,0.0197626750201,-0.0947075020265], [-0.489970069397, -0.0947075020265, 0.479050753983 ]])}
{'elname':'single', 'pos':Position([ 7.11630622029822902422, -3.00225425434051202507, 2.31203838714139611456]), 'crg':'0.0', 'pol':Polarizability(noniso =[ [0.0510445809909,0.0121611067835,0.217582590768], [0.0121611067835,0.00395521543536,0.0528737591198], [0.217582590768, 0.0528737591198, 0.947000203574 ]])}
{'elname':'double', 'pos':Position([ 1.99367999981858628829, -8.08312319578394534004, 1.22972229340190771635]), 'crg':'0.0', 'pol':Polarizability(noniso =[ [0.253387315507,-0.42818924357,0.071341032049], [-0.42818924357,0.727447079721,-0.121034064201], [0.071341032049, -0.121034064201, 0.0211656047713 ]])}
{'elname':'single', 'pos':Position([ 3.66400045202249832380, -6.99736969015293931786, 1.03396933957094145401]), 'crg':'0.0', 'pol':Polarizability(noniso =[ [0.999652755113,0.0140959915844,0.0121688160563], [0.0140959915844,0.00119896503337,0.000171762935459], [0.0121688160563, 0.000171762935459, 0.00114827985349 ]])}
{'elname':'pi', 'pos':Position([ .00018424830094720634, -9.18347389116537900725, 1.41219236202920307223]), 'crg':'0.0', 'pol':Polarizability(noniso =[ [0.999999601531,-0.000129128923603,-0.000617573112885], [-0.000129128923603,0.00100001669098,7.98264095311e-08], [-0.000617573112885, 7.98264095311e-08, 0.00100038177848 ]])}
{'elname':'single', 'pos':Position([ 1.85619675224102625736, -10.06256599868626237108, 1.55070645522898567814]), 'crg':'0.0', 'pol':Polarizability(noniso =[ [0.248681507089,0.426185473805,-0.0667355868001], [0.426185473805,0.734337180548,-0.114831898491], [-0.0667355868001, -0.114831898491, 0.0189813123632 ]])}
{'elname':'double', 'pos':Position([ -1.99352409741009249831, -8.08302681974960372442, 1.23143533016917584506]), 'crg':'0.0', 'pol':Polarizability(noniso =[ [0.253548750852,0.428495600107,-0.0700489202877], [0.428495600107,0.728021926227,-0.118850930896], [-0.0700489202877, -0.118850930896, 0.0204293229205 ]])}
{'elname':'single', 'pos':Position([ -1.85574794227718049832, -10.06302709187017127721, 1.54863153590139560056]), 'crg':'0.0', 'pol':Polarizability(noniso =[ [0.248602702219,-0.426171796382,0.0665251932697], [-0.426171796382,0.734523497132,-0.114502632105], [0.0665251932697, -0.114502632105, 0.0188738006488 ]])}
{'elname':'single', 'pos':Position([ -3.66407698593212254798, -6.99696717848010080555, 1.03980670369018166315]), 'crg':'0.0', 'pol':Polarizability(noniso =[ [0.999666227121,-0.0142307264083,-0.0114374003824], [-0.0142307264083,0.00120278404196,0.000162979893825], [-0.0114374003824, 0.000162979893825, 0.00113098883686 ]])}
{'elname':'double', 'pos':Position([ -5.75322500667073335736, -2.75235403188194805067, -1.76128147622384335530]), 'crg':'0.0', 'pol':Polarizability(noniso =[ [0.0574828241567,-0.0157530345517,-0.230190950757], [-0.0157530345517,0.00539351433454,0.0642001538504], [-0.230190950757, 0.0642001538504, 0.939123661509 ]])}
{'elname':'double', 'pos':Position([ -6.39193071810350105786, -2.86113233903501511402, .42089020464222570435]), 'crg':'0.0', 'pol':Polarizability(noniso =[ [0.519302065847,-0.106871591868,0.487570707869], [-0.106871591868,0.0230364492079,-0.100534921876], [0.487570707869, -0.100534921876, 0.459661484945 ]])}
{'elname':'pi', 'pos':Position([ -7.30502466848533912647, -3.09510311479784087447, -3.42423577584219425931]), 'crg':'0.0', 'pol':Polarizability(noniso =[ [0.880400103649,-0.181225201939,-0.26894904244], [-0.181225201939,0.0383465657799,0.0554245380746], [-0.26894904244, 0.0554245380746, 0.083253330571 ]])}
{'elname':'single', 'pos':Position([ -5.33305951201223333128, -2.71276048930301607854, -3.75059620860460352411]), 'crg':'0.0', 'pol':Polarizability(noniso =[ [0.513872792264,-0.0889291140894,0.491338000865], [-0.0889291140894,0.0164197833303,-0.085195108406], [0.491338000865, -0.085195108406, 0.471707424406 ]])}
{'elname':'double', 'pos':Position([ -9.48513371324388125565, -3.53055460439338656313, -2.89967046955159821700]), 'crg':'0.0', 'pol':Polarizability(noniso =[ [0.51278343563,-0.0979706938424,0.489643860737], [-0.0979706938424,0.0197545281534,-0.0937325154204], [0.489643860737, -0.0937325154204, 0.469462036217 ]])}
{'elname':'single', 'pos':Position([ -8.76501670895873820716, -3.41498745599772628147, -4.80227889636968486170]), 'crg':'0.0', 'pol':Polarizability(noniso =[ [0.0483263725068,-0.0137797269093,-0.211776721398], [-0.0137797269093,0.00501215778088,0.0616617169672], [-0.211776721398, 0.0616617169672, 0.948661469712 ]])}
{'elname':'double', 'pos':Position([ -10.12458208705892846478, -3.63759814292830454524, -.71543993203032934903]), 'crg':'0.0', 'pol':Polarizability(noniso =[ [0.0540951550415,-0.0128467780637,-0.223736283805], [-0.0128467780637,0.00410837601826,0.0541347017555], [-0.223736283805, 0.0541347017555, 0.94379646894 ]])}
{'elname':'single', 'pos':Position([ -11.39206583352419567584, -3.91196748461573930244, -2.28818531864184624734]), 'crg':'0.0', 'pol':Polarizability(noniso =[ [0.881297800601,-0.183472756002,-0.266141001844], [-0.183472756002,0.0392396186516,0.055469436661], [-0.266141001844, 0.055469436661, 0.0814625807471 ]])}
{'elname':'double', 'pos':Position([ -8.58317875373315403611, -3.31092496048582591993, .94216644254514366831]), 'crg':'0.0', 'pol':Polarizability(noniso =[ [0.881759392135,-0.180161490575,-0.267737489387], [-0.180161490575,0.037852474099,0.054766359123], [-0.267737489387, 0.054766359123, 0.0823881337664 ]])}
{'elname':'single', 'pos':Position([ -10.54782878022711484923, -3.70466735906233299544, 1.27635979025551365402]), 'crg':'0.0', 'pol':Polarizability(noniso =[ [0.502740766835,-0.0970230420125,0.489981385649], [-0.0970230420125,0.0197616221435,-0.094749096959], [0.489981385649, -0.094749096959, 0.479497611021 ]])}
{'elname':'single', 'pos':Position([ -7.11600102952281390808, -3.00167599813446233132, 2.31604177201890028519]), 'crg':'0.0', 'pol':Polarizability(noniso =[ [0.0512080046452,-0.0122651068269,-0.21791401989], [-0.0122651068269,0.00399619247046,0.0532333191075], [-0.21791401989, 0.0532333191075, 0.946795802884 ]])}
