{'elname':'pi', 'pos':Position([ -.96942952190683952369, 14.30617192123923706463, 27.44732766264306171920]), 'crg':'0.0', 'pol':Polarizability(noniso =[ [0.52185984743,0.358916093697,0.346732237617], [0.358916093697,0.248323273142,0.238927575044], [0.346732237617, 0.238927575044, 0.231816879427 ]])}
{'elname':'single', 'pos':Position([ 0, 13.63815372242039150590, 25.41398231065132813733]), 'crg':'0.0', 'pol':Polarizability(noniso =[ [0.001,0.0,-2.2182256032e-16], [0.0,0.001,0.0], [-2.2182256032e-16, 0.0, 1.0 ]])}
{'elname':'pi', 'pos':Position([ .96942952190683952369, 12.96919066051976540183, 27.44732766264306171920]), 'crg':'0.0', 'pol':Polarizability(noniso =[ [0.521495065157,0.359172033266,-0.346489404973], [0.359172033266,0.248849707166,-0.23909795197], [-0.346489404973, -0.23909795197, 0.231655227677 ]])}
{'elname':'pi', 'pos':Position([ -2.95553171980954583832, 15.49858913044628528968, 27.43409957949813408438]), 'crg':'0.0', 'pol':Polarizability(noniso =[ [0.593648236072,0.305687519535,-0.38389946147], [0.305687519535,0.158673395299,-0.198015056799], [-0.38389946147, -0.198015056799, 0.249678368629 ]])}
{'elname':'single', 'pos':Position([ -1.86610458651657705584, 15.29544356786346804057, 29.47783842538945366504]), 'crg':'0.0', 'pol':Polarizability(noniso =[ [0.00360849523382,-0.0115180309026,-0.049663039127], [-0.0115180309026,0.0518588377516,0.2192913416], [-0.049663039127, 0.2192913416, 0.946532667015 ]])}
{'elname':'pi', 'pos':Position([ -4.99360138721018214692, 16.65226695330033115560, 27.40386396088115663335]), 'crg':'0.0', 'pol':Polarizability(noniso =[ [0.569256132134,0.350100447735,0.349574771387], [0.350100447735,0.216695557994,0.21537169079], [0.349574771387, 0.21537169079, 0.216048309872 ]])}
{'elname':'pi', 'pos':Position([ -3.97220439580541262926, 16.02298814083448795601, 25.41398231065132813733]), 'crg':'0.0', 'pol':Polarizability(noniso =[ [0.001,0.0,-2.2182256032e-16], [0.0,0.001,0.0], [-2.2182256032e-16, 0.0, 1.0 ]])}
{'elname':'double', 'pos':Position([ -6.96553063888618028138, 17.83901498401669610859, 27.39158074081800954387]), 'crg':'0.0', 'pol':Polarizability(noniso =[ [0.556562618281,0.325826982888,-0.37442490576], [0.325826982888,0.192091371674,-0.219593135585], [-0.37442490576, -0.219593135585, 0.253346010045 ]])}
{'elname':'single', 'pos':Position([ -5.97342440301660766941, 17.34107213991834871192, 28.95910859349193427078]), 'crg':'0.0', 'pol':Polarizability(noniso =[ [0.00299745111364,-0.0028599868218,-0.0445340805109], [-0.0028599868218,0.00509498113122,0.0637647061861], [-0.0445340805109, 0.0637647061861, 0.993907567755 ]])}
{'elname':'single', 'pos':Position([ -8.61431671659323190794, 18.83962498762229362867, 27.22622970150641410854]), 'crg':'0.0', 'pol':Polarizability(noniso =[ [0.536354427622,0.339758087354,0.36438873761], [0.339758087354,0.216624550703,0.231256181244], [0.36438873761, 0.231256181244, 0.249021021675 ]])}
{'elname':'pi', 'pos':Position([ -7.91606289915740889819, 18.39648420226721786199, 25.41398231065132813734]), 'crg':'0.0', 'pol':Polarizability(noniso =[ [0.001,0.0,-2.2182256032e-16], [0.0,0.001,0.0], [-2.2182256032e-16, 0.0, 1.0 ]])}
{'elname':'double', 'pos':Position([ -1.04690829461284424196, 16.62297619776513424992, 31.23622862058304855160]), 'crg':'0.0', 'pol':Polarizability(noniso =[ [0.326685428474,-0.439056938386,-0.162842714237], [-0.439056938386,0.592893214407,0.219528469193], [-0.162842714237, 0.219528469193, 0.0824213571186 ]])}
{'elname':'double', 'pos':Position([ -2.55490977313459461216, 15.03749594653737916145, 31.75495845248056794586]), 'crg':'0.0', 'pol':Polarizability(noniso =[ [0.339623783159,-0.257538931857,0.396601552484], [-0.257538931857,0.196870180184,-0.301633686939], [0.396601552484, -0.301633686939, 0.465506036657 ]])}
{'elname':'pi', 'pos':Position([ -.30141132308799396496, 18.03838109427239117633, 32.86044825816380599919]), 'crg':'0.0', 'pol':Polarizability(noniso =[ [0.00100051482479,0.000222919133858,0.000681628021311], [0.000222919133858,0.0975239849603,0.295144933227], [0.000681628021311, 0.295144933227, 0.903475500215 ]])}
{'elname':'single', 'pos':Position([ .24377467509938069894, 18.06105780823512426460, 30.97733613617517912714]), 'crg':'0.0', 'pol':Polarizability(noniso =[ [0.336406718978,-0.266112622522,0.389560928813], [-0.266112622522,0.212134493911,-0.309078723034], [0.389560928813, -0.309078723034, 0.453458787111 ]])}
{'elname':'double', 'pos':Position([ -1.06769528241201623954, 17.86263656106120974221, 34.98261073984291084347]), 'crg':'0.0', 'pol':Polarizability(noniso =[ [0.347915941768,-0.265112306117,0.394884565815], [-0.265112306117,0.203598169736,-0.301769810172], [0.394884565815, -0.301769810172, 0.450485888496 ]])}
{'elname':'single', 'pos':Position([ .25605789516252778842, 19.20623186335314522242, 34.33726925498679837301]), 'crg':'0.0', 'pol':Polarizability(noniso =[ [0.332933093356,-0.451002155609,-0.134233518295], [-0.451002155609,0.613782962697,0.182384966482], [-0.134233518295, 0.182384966482, 0.0552839439466 ]])}
{'elname':'double', 'pos':Position([ -2.58042107634266933646, 16.28943952989660174323, 35.48811248859550260290]), 'crg':'0.0', 'pol':Polarizability(noniso =[ [0.335331774861,-0.442112561953,-0.163573194527], [-0.442112561953,0.585639367639,0.216305387454], [-0.163573194527, 0.216305387454, 0.0810288574995 ]])}
{'elname':'single', 'pos':Position([ -1.84626246179918560360, 17.58484681501772941086, 36.75895333359033609157]), 'crg':'0.0', 'pol':Polarizability(noniso =[ [0.00119129236947,0.00444071571975,0.0130898635678], [0.00444071571975,0.104088043494,0.303871832823], [0.0130898635678, 0.303871832823, 0.896720664136 ]])}
{'elname':'double', 'pos':Position([ -3.32213859554039743208, 14.87970381188002808888, 33.88467983881391715289]), 'crg':'0.0', 'pol':Polarizability(noniso =[ [0.00101877964671,0.00139595373912,0.00410022286601], [0.00139595373912,0.104765894608,0.30478323304], [0.00410022286601, 0.30478323304, 0.896215325746 ]])}
{'elname':'single', 'pos':Position([ -3.91078829548967718185, 14.86458600257153936337, 35.73188716369488330184]), 'crg':'0.0', 'pol':Polarizability(noniso =[ [0.377483986663,-0.28190535144,0.393569159478], [-0.28190535144,0.212086340949,-0.294698463013], [0.393569159478, -0.294698463013, 0.412429672388 ]])}
{'elname':'single', 'pos':Position([ -3.85031705825572227979, 13.69295578116366313589, 32.38518212802819169079]), 'crg':'0.0', 'pol':Polarizability(noniso =[ [0.304126811932,-0.434571181707,-0.148612613991], [-0.434571181707,0.624013552536,0.213055251917], [-0.148612613991, 0.213055251917, 0.073859635532 ]])}
{'elname':'pi', 'pos':Position([ .96942952190683952369, 12.96919066051976540183, 23.38063695865959455546]), 'crg':'0.0', 'pol':Polarizability(noniso =[ [0.521495065157,0.359172033266,0.346489404973], [0.359172033266,0.248849707166,0.23909795197], [0.346489404973, 0.23909795197, 0.231655227677 ]])}
{'elname':'pi', 'pos':Position([ -.96942952190683952369, 14.30617192123923706463, 23.38063695865959455546]), 'crg':'0.0', 'pol':Polarizability(noniso =[ [0.52185984743,0.358916093697,-0.346732237617], [0.358916093697,0.248323273142,-0.238927575044], [-0.346732237617, -0.238927575044, 0.231816879427 ]])}
{'elname':'pi', 'pos':Position([ 2.95553171980954583832, 11.77582858823093663143, 23.39386504180452219029]), 'crg':'0.0', 'pol':Polarizability(noniso =[ [0.593648236072,0.305687519535,-0.38389946147], [0.305687519535,0.158673395299,-0.198015056799], [-0.38389946147, -0.198015056799, 0.249678368629 ]])}
{'elname':'single', 'pos':Position([ 1.86610458651657705584, 11.97897415081375388055, 21.35012619591320260963]), 'crg':'0.0', 'pol':Polarizability(noniso =[ [0.00360849523382,-0.0115180309026,-0.049663039127], [-0.0115180309026,0.0518588377516,0.2192913416], [-0.049663039127, 0.2192913416, 0.946532667015 ]])}
{'elname':'pi', 'pos':Position([ 3.97220439580541262926, 11.25142957784273396510, 25.41398231065132813733]), 'crg':'0.0', 'pol':Polarizability(noniso =[ [0.001,0.0,2.2182256032e-16], [0.0,0.001,0.0], [2.2182256032e-16, 0.0, 1.0 ]])}
{'elname':'pi', 'pos':Position([ 4.99360138721018214692, 10.62215076537689076550, 23.42410066042149964132]), 'crg':'0.0', 'pol':Polarizability(noniso =[ [0.569256132134,0.350100447735,0.349574771387], [0.350100447735,0.216695557994,0.21537169079], [0.349574771387, 0.21537169079, 0.216048309872 ]])}
{'elname':'pi', 'pos':Position([ 2.95553171980954583832, 11.77582858823093663143, 27.43409957949813408438]), 'crg':'0.0', 'pol':Polarizability(noniso =[ [0.593648236072,0.305687519535,0.38389946147], [0.305687519535,0.158673395299,0.198015056799], [0.38389946147, 0.198015056799, 0.249678368629 ]])}
{'elname':'pi', 'pos':Position([ 4.99360138721018214692, 10.62215076537689076550, 27.40386396088115663335]), 'crg':'0.0', 'pol':Polarizability(noniso =[ [0.569256132134,0.350100447735,-0.349574771387], [0.350100447735,0.216695557994,-0.21537169079], [-0.349574771387, -0.21537169079, 0.216048309872 ]])}
{'elname':'single', 'pos':Position([ 1.86610458651657705584, 11.97897415081375388055, 29.47783842538945366504]), 'crg':'0.0', 'pol':Polarizability(noniso =[ [0.00360849523382,-0.0115180309026,0.049663039127], [-0.0115180309026,0.0518588377516,-0.2192913416], [0.049663039127, -0.2192913416, 0.946532667015 ]])}
{'elname':'pi', 'pos':Position([ -2.95553171980954583832, 15.49858913044628528968, 23.39386504180452219029]), 'crg':'0.0', 'pol':Polarizability(noniso =[ [0.593648236072,0.305687519535,0.38389946147], [0.305687519535,0.158673395299,0.198015056799], [0.38389946147, 0.198015056799, 0.249678368629 ]])}
{'elname':'pi', 'pos':Position([ -4.99360138721018214692, 16.65226695330033115560, 23.42410066042149964132]), 'crg':'0.0', 'pol':Polarizability(noniso =[ [0.569256132134,0.350100447735,-0.349574771387], [0.350100447735,0.216695557994,-0.21537169079], [-0.349574771387, -0.21537169079, 0.216048309872 ]])}
{'elname':'single', 'pos':Position([ -1.86610458651657705584, 15.29544356786346804057, 21.35012619591320260963]), 'crg':'0.0', 'pol':Polarizability(noniso =[ [0.00360849523382,-0.0115180309026,0.049663039127], [-0.0115180309026,0.0518588377516,-0.2192913416], [0.049663039127, -0.2192913416, 0.946532667015 ]])}
{'elname':'double', 'pos':Position([ -1.04690829461284424196, 16.62297619776513424992, 19.59173600071960772308]), 'crg':'0.0', 'pol':Polarizability(noniso =[ [0.326685428474,-0.439056938386,0.162842714237], [-0.439056938386,0.592893214407,-0.219528469193], [0.162842714237, -0.219528469193, 0.0824213571186 ]])}
{'elname':'double', 'pos':Position([ -2.55490977313459461216, 15.03749594653737916145, 19.07300616882208832882]), 'crg':'0.0', 'pol':Polarizability(noniso =[ [0.339623783159,-0.257538931857,-0.396601552484], [-0.257538931857,0.196870180184,0.301633686939], [-0.396601552484, 0.301633686939, 0.465506036657 ]])}
{'elname':'pi', 'pos':Position([ -.30141132308799396496, 18.03838109427239117633, 17.96751636313885027548]), 'crg':'0.0', 'pol':Polarizability(noniso =[ [0.00100051482479,0.000222919133858,-0.000681628021311], [0.000222919133858,0.0975239849603,-0.295144933227], [-0.000681628021311, -0.295144933227, 0.903475500215 ]])}
{'elname':'single', 'pos':Position([ .24377467509938069894, 18.06105780823512426460, 19.85062848512747714753]), 'crg':'0.0', 'pol':Polarizability(noniso =[ [0.336406718978,-0.266112622522,-0.389560928813], [-0.266112622522,0.212134493911,0.309078723034], [-0.389560928813, 0.309078723034, 0.453458787111 ]])}
{'elname':'double', 'pos':Position([ -1.06769528241201623954, 17.86263656106120974221, 15.84535388145974543120]), 'crg':'0.0', 'pol':Polarizability(noniso =[ [0.347915941768,-0.265112306117,-0.394884565815], [-0.265112306117,0.203598169736,0.301769810172], [-0.394884565815, 0.301769810172, 0.450485888496 ]])}
{'elname':'single', 'pos':Position([ .25605789516252778842, 19.20623186335314522242, 16.49069536631585790166]), 'crg':'0.0', 'pol':Polarizability(noniso =[ [0.332933093356,-0.451002155609,0.134233518295], [-0.451002155609,0.613782962697,-0.182384966482], [0.134233518295, -0.182384966482, 0.0552839439466 ]])}
{'elname':'double', 'pos':Position([ -2.58042107634266933646, 16.28943952989660174323, 15.33985213270715367177]), 'crg':'0.0', 'pol':Polarizability(noniso =[ [0.335331774861,-0.442112561953,0.163573194527], [-0.442112561953,0.585639367639,-0.216305387454], [0.163573194527, -0.216305387454, 0.0810288574995 ]])}
{'elname':'single', 'pos':Position([ -1.84626246179918560360, 17.58484681501772941086, 14.06901128771232018310]), 'crg':'0.0', 'pol':Polarizability(noniso =[ [0.00119129236947,0.00444071571975,-0.0130898635678], [0.00444071571975,0.104088043494,-0.303871832823], [-0.0130898635678, -0.303871832823, 0.896720664136 ]])}
{'elname':'double', 'pos':Position([ -3.32213859554039743208, 14.87970381188002808888, 16.94328478248873912178]), 'crg':'0.0', 'pol':Polarizability(noniso =[ [0.00101877964671,0.00139595373912,-0.00410022286601], [0.00139595373912,0.104765894608,-0.30478323304], [-0.00410022286601, -0.30478323304, 0.896215325746 ]])}
{'elname':'single', 'pos':Position([ -3.91078829548967718185, 14.86458600257153936337, 15.09607745760777297282]), 'crg':'0.0', 'pol':Polarizability(noniso =[ [0.377483986663,-0.28190535144,-0.393569159478], [-0.28190535144,0.212086340949,0.294698463013], [-0.393569159478, 0.294698463013, 0.412429672388 ]])}
{'elname':'single', 'pos':Position([ -3.85031705825572227979, 13.69295578116366313589, 18.44278249327446458388]), 'crg':'0.0', 'pol':Polarizability(noniso =[ [0.304126811932,-0.434571181707,0.148612613991], [-0.434571181707,0.624013552536,-0.213055251917], [0.148612613991, -0.213055251917, 0.073859635532 ]])}
{'elname':'double', 'pos':Position([ -6.96553063888618028138, 17.83901498401669610859, 23.43638388048464673081]), 'crg':'0.0', 'pol':Polarizability(noniso =[ [0.556562618281,0.325826982888,0.37442490576], [0.325826982888,0.192091371674,0.219593135585], [0.37442490576, 0.219593135585, 0.253346010045 ]])}
{'elname':'single', 'pos':Position([ -5.97342440301660766941, 17.34107213991834871192, 21.86885602781072200389]), 'crg':'0.0', 'pol':Polarizability(noniso =[ [0.00299745111364,-0.0028599868218,0.0445340805109], [-0.0028599868218,0.00509498113122,-0.0637647061861], [0.0445340805109, -0.0637647061861, 0.993907567755 ]])}
{'elname':'single', 'pos':Position([ -8.61431671659323190794, 18.83962498762229362867, 23.60173491979624216613]), 'crg':'0.0', 'pol':Polarizability(noniso =[ [0.536354427622,0.339758087354,-0.36438873761], [0.339758087354,0.216624550703,-0.231256181244], [-0.36438873761, -0.231256181244, 0.249021021675 ]])}
{'elname':'double', 'pos':Position([ 1.04690829461284424196, 10.65144152091208767119, 31.23622862058304855160]), 'crg':'0.0', 'pol':Polarizability(noniso =[ [0.326685428474,-0.439056938386,0.162842714237], [-0.439056938386,0.592893214407,-0.219528469193], [0.162842714237, -0.219528469193, 0.0824213571186 ]])}
{'elname':'double', 'pos':Position([ 2.55490977313459461216, 12.23692177213984275966, 31.75495845248056794586]), 'crg':'0.0', 'pol':Polarizability(noniso =[ [0.339623783159,-0.257538931857,-0.396601552484], [-0.257538931857,0.196870180184,0.301633686939], [-0.396601552484, 0.301633686939, 0.465506036657 ]])}
{'elname':'pi', 'pos':Position([ .30141132308799396496, 9.23603662440483074478, 32.86044825816380599919]), 'crg':'0.0', 'pol':Polarizability(noniso =[ [0.00100051482479,0.000222919133858,-0.00068162802131], [0.000222919133858,0.0975239849603,-0.295144933227], [-0.00068162802131, -0.295144933227, 0.903475500215 ]])}
{'elname':'single', 'pos':Position([ -.24377467509938069894, 9.21335991044209765650, 30.97733613617517912714]), 'crg':'0.0', 'pol':Polarizability(noniso =[ [0.336406718978,-0.266112622522,-0.389560928813], [-0.266112622522,0.212134493911,0.309078723034], [-0.389560928813, 0.309078723034, 0.453458787111 ]])}
{'elname':'double', 'pos':Position([ 1.06769528241201623954, 9.41178115761601217890, 34.98261073984291084347]), 'crg':'0.0', 'pol':Polarizability(noniso =[ [0.347915941768,-0.265112306117,-0.394884565815], [-0.265112306117,0.203598169736,0.301769810172], [-0.394884565815, 0.301769810172, 0.450485888496 ]])}
{'elname':'single', 'pos':Position([ -.25605789516252778842, 8.06818585532407669869, 34.33726925498679837301]), 'crg':'0.0', 'pol':Polarizability(noniso =[ [0.332933093356,-0.451002155609,0.134233518295], [-0.451002155609,0.613782962697,-0.182384966482], [0.134233518295, -0.182384966482, 0.0552839439466 ]])}
{'elname':'double', 'pos':Position([ 2.58042107634266933646, 10.98497818878062017788, 35.48811248859550260290]), 'crg':'0.0', 'pol':Polarizability(noniso =[ [0.335331774861,-0.442112561953,0.163573194528], [-0.442112561953,0.585639367639,-0.216305387454], [0.163573194528, -0.216305387454, 0.0810288574995 ]])}
{'elname':'single', 'pos':Position([ 1.84626246179918560360, 9.68957090365949251025, 36.75895333359033609157]), 'crg':'0.0', 'pol':Polarizability(noniso =[ [0.00119129236947,0.00444071571975,-0.0130898635678], [0.00444071571975,0.104088043494,-0.303871832823], [-0.0130898635678, -0.303871832823, 0.896720664136 ]])}
{'elname':'double', 'pos':Position([ 3.32213859554039743208, 12.39471390679719383223, 33.88467983881391715289]), 'crg':'0.0', 'pol':Polarizability(noniso =[ [0.00101877964671,0.00139595373912,-0.00410022286601], [0.00139595373912,0.104765894608,-0.30478323304], [-0.00410022286601, -0.30478323304, 0.896215325746 ]])}
{'elname':'single', 'pos':Position([ 3.91078829548967718185, 12.40983171610568255774, 35.73188716369488330184]), 'crg':'0.0', 'pol':Polarizability(noniso =[ [0.377483986663,-0.28190535144,-0.393569159478], [-0.28190535144,0.212086340949,0.294698463013], [-0.393569159478, 0.294698463013, 0.412429672388 ]])}
{'elname':'single', 'pos':Position([ 3.85031705825572227979, 13.58146193751355878521, 32.38518212802819169079]), 'crg':'0.0', 'pol':Polarizability(noniso =[ [0.304126811932,-0.434571181707,0.148612613991], [-0.434571181707,0.624013552536,-0.213055251917], [0.148612613991, -0.213055251917, 0.073859635532 ]])}
{'elname':'double', 'pos':Position([ 6.96553063888618028138, 9.43540273466052581252, 27.39158074081800954387]), 'crg':'0.0', 'pol':Polarizability(noniso =[ [0.556562618281,0.325826982888,0.37442490576], [0.325826982888,0.192091371674,0.219593135585], [0.37442490576, 0.219593135585, 0.253346010045 ]])}
{'elname':'single', 'pos':Position([ 5.97342440301660766941, 9.93334557875887320919, 28.95910859349193427078]), 'crg':'0.0', 'pol':Polarizability(noniso =[ [0.00299745111364,-0.0028599868218,0.0445340805109], [-0.0028599868218,0.00509498113122,-0.0637647061861], [0.0445340805109, -0.0637647061861, 0.993907567755 ]])}
{'elname':'pi', 'pos':Position([ 7.91606289915740889819, 8.87793351641000405913, 25.41398231065132813734]), 'crg':'0.0', 'pol':Polarizability(noniso =[ [0.001,0.0,-2.2182256032e-16], [0.0,0.001,0.0], [-2.2182256032e-16, 0.0, 1.0 ]])}
{'elname':'single', 'pos':Position([ 8.61431671659323190794, 8.43479273105492829245, 27.22622970150641410854]), 'crg':'0.0', 'pol':Polarizability(noniso =[ [0.536354427622,0.339758087354,-0.36438873761], [0.339758087354,0.216624550703,-0.231256181244], [-0.36438873761, -0.231256181244, 0.249021021675 ]])}
{'elname':'double', 'pos':Position([ 6.96553063888618028138, 9.43540273466052581252, 23.43638388048464673081]), 'crg':'0.0', 'pol':Polarizability(noniso =[ [0.556562618281,0.325826982888,-0.37442490576], [0.325826982888,0.192091371674,-0.219593135585], [-0.37442490576, -0.219593135585, 0.253346010045 ]])}
{'elname':'single', 'pos':Position([ 8.61431671659323190794, 8.43479273105492829245, 23.60173491979624216613]), 'crg':'0.0', 'pol':Polarizability(noniso =[ [0.536354427622,0.339758087354,0.36438873761], [0.339758087354,0.216624550703,0.231256181244], [0.36438873761, 0.231256181244, 0.249021021675 ]])}
{'elname':'single', 'pos':Position([ 5.97342440301660766941, 9.93334557875887320919, 21.86885602781072200389]), 'crg':'0.0', 'pol':Polarizability(noniso =[ [0.00299745111364,-0.0028599868218,-0.0445340805109], [-0.0028599868218,0.00509498113122,0.0637647061861], [-0.0445340805109, 0.0637647061861, 0.993907567755 ]])}
{'elname':'double', 'pos':Position([ 1.04690829461284424196, 10.65144152091208767119, 19.59173600071960772308]), 'crg':'0.0', 'pol':Polarizability(noniso =[ [0.326685428474,-0.439056938386,-0.162842714237], [-0.439056938386,0.592893214407,0.219528469193], [-0.162842714237, 0.219528469193, 0.0824213571186 ]])}
{'elname':'double', 'pos':Position([ 2.55490977313459461216, 12.23692177213984275966, 19.07300616882208832882]), 'crg':'0.0', 'pol':Polarizability(noniso =[ [0.339623783159,-0.257538931857,0.396601552484], [-0.257538931857,0.196870180184,-0.301633686939], [0.396601552484, -0.301633686939, 0.465506036657 ]])}
{'elname':'pi', 'pos':Position([ .30141132308799396496, 9.23603662440483074478, 17.96751636313885027548]), 'crg':'0.0', 'pol':Polarizability(noniso =[ [0.00100051482479,0.000222919133858,0.00068162802131], [0.000222919133858,0.0975239849603,0.295144933227], [0.00068162802131, 0.295144933227, 0.903475500215 ]])}
{'elname':'single', 'pos':Position([ -.24377467509938069894, 9.21335991044209765650, 19.85062848512747714753]), 'crg':'0.0', 'pol':Polarizability(noniso =[ [0.336406718978,-0.266112622522,0.389560928813], [-0.266112622522,0.212134493911,-0.309078723034], [0.389560928813, -0.309078723034, 0.453458787111 ]])}
{'elname':'double', 'pos':Position([ 1.06769528241201623954, 9.41178115761601217890, 15.84535388145974543120]), 'crg':'0.0', 'pol':Polarizability(noniso =[ [0.347915941768,-0.265112306117,0.394884565815], [-0.265112306117,0.203598169736,-0.301769810172], [0.394884565815, -0.301769810172, 0.450485888496 ]])}
{'elname':'single', 'pos':Position([ -.25605789516252778842, 8.06818585532407669869, 16.49069536631585790166]), 'crg':'0.0', 'pol':Polarizability(noniso =[ [0.332933093356,-0.451002155609,-0.134233518295], [-0.451002155609,0.613782962697,0.182384966482], [-0.134233518295, 0.182384966482, 0.0552839439466 ]])}
{'elname':'double', 'pos':Position([ 2.58042107634266933646, 10.98497818878062017788, 15.33985213270715367177]), 'crg':'0.0', 'pol':Polarizability(noniso =[ [0.335331774861,-0.442112561953,-0.163573194528], [-0.442112561953,0.585639367639,0.216305387454], [-0.163573194528, 0.216305387454, 0.0810288574995 ]])}
{'elname':'single', 'pos':Position([ 1.84626246179918560360, 9.68957090365949251025, 14.06901128771232018310]), 'crg':'0.0', 'pol':Polarizability(noniso =[ [0.00119129236947,0.00444071571975,0.0130898635678], [0.00444071571975,0.104088043494,0.303871832823], [0.0130898635678, 0.303871832823, 0.896720664136 ]])}
{'elname':'double', 'pos':Position([ 3.32213859554039743208, 12.39471390679719383223, 16.94328478248873912178]), 'crg':'0.0', 'pol':Polarizability(noniso =[ [0.00101877964671,0.00139595373912,0.00410022286601], [0.00139595373912,0.104765894608,0.30478323304], [0.00410022286601, 0.30478323304, 0.896215325746 ]])}
{'elname':'single', 'pos':Position([ 3.91078829548967718185, 12.40983171610568255774, 15.09607745760777297282]), 'crg':'0.0', 'pol':Polarizability(noniso =[ [0.377483986663,-0.28190535144,0.393569159478], [-0.28190535144,0.212086340949,-0.294698463013], [0.393569159478, -0.294698463013, 0.412429672388 ]])}
{'elname':'single', 'pos':Position([ 3.85031705825572227979, 13.58146193751355878521, 18.44278249327446458388]), 'crg':'0.0', 'pol':Polarizability(noniso =[ [0.304126811932,-0.434571181707,-0.148612613991], [-0.434571181707,0.624013552536,0.213055251917], [-0.148612613991, 0.213055251917, 0.073859635532 ]])}
