{'elname':'C', 'pos':Position([ -2.10584091680442770399, -1.16182254261899416679, 9.02217253502229498927]), 'crg':-0.0635740, 'pol':Polarizability(iso=1.0)}
{'elname':'C', 'pos':Position([ -.93827360664820782150, .50026909700569109931, 7.42626099537168268020]), 'crg':-0.2463250, 'pol':Polarizability(iso=1.0)}
{'elname':'C', 'pos':Position([ -.77571369288019211712, .00361882560321948867, 4.76724053870801689868]), 'crg':0.2178170, 'pol':Polarizability(iso=1.0)}
{'elname':'C', 'pos':Position([ .40087328025470485122, 1.66257163007022978314, 3.09666024915661521320]), 'crg':-0.4050340, 'pol':Polarizability(iso=1.0)}
{'elname':'C', 'pos':Position([ .55303025149231675136, 1.15904275543239580238, .48392863486937834812]), 'crg':0.2072830, 'pol':Polarizability(iso=1.0)}
{'elname':'C', 'pos':Position([ 1.73999560071749122978, 2.82682058108323639038, -1.22220307299709813650]), 'crg':-0.3831990, 'pol':Polarizability(iso=1.0)}
{'elname':'C', 'pos':Position([ -1.88054965331083803308, -2.31332907011110833951, 3.79977822173744447039]), 'crg':0.1856120, 'pol':Polarizability(iso=1.0)}
{'elname':'C', 'pos':Position([ -3.08416726948931284265, -3.99856607578708984438, 5.54746500794062933928]), 'crg':-0.2318120, 'pol':Polarizability(iso=1.0)}
{'elname':'C', 'pos':Position([ -3.19500915761298861704, -3.44580038595767164571, 8.06849199096257359538]), 'crg':-0.0827780, 'pol':Polarizability(iso=1.0)}
{'elname':'H', 'pos':Position([ -2.21670170218973908928, -.75896316016638660924, 11.03314730868979237956]), 'crg':0.0928620, 'pol':Polarizability(iso=1.0)}
{'elname':'H', 'pos':Position([ -.11046961206945423952, 2.23815387359848459079, 8.14652067398217459104]), 'crg':0.1243190, 'pol':Polarizability(iso=1.0)}
{'elname':'H', 'pos':Position([ 1.22980166190077728216, 3.39932446069105018130, 3.82164046372368272858]), 'crg':0.1842930, 'pol':Polarizability(iso=1.0)}
{'elname':'H', 'pos':Position([ 2.56821155559990112952, 4.56407418913740047757, -.49769340024475733270]), 'crg':0.1797630, 'pol':Polarizability(iso=1.0)}
{'elname':'H', 'pos':Position([ -3.91014578859406641102, -5.73369563163341126564, 4.81840298486026986801]), 'crg':0.1226010, 'pol':Polarizability(iso=1.0)}
{'elname':'H', 'pos':Position([ -4.11369764230204929464, -4.74107727997351359809, 9.37101031563718164728]), 'crg':0.0981710, 'pol':Polarizability(iso=1.0)}
{'elname':'C', 'pos':Position([ -.55303025149231675136, -1.15904275543239580238, -.48392863486937834812]), 'crg':0.2072830, 'pol':Polarizability(iso=1.0)}
{'elname':'C', 'pos':Position([ 1.88054965331083803308, 2.31332907011110833951, -3.79977822173744447039]), 'crg':0.1856120, 'pol':Polarizability(iso=1.0)}
{'elname':'C', 'pos':Position([ -1.73999560071749122978, -2.82682058108323639038, 1.22220307299709813650]), 'crg':-0.3831990, 'pol':Polarizability(iso=1.0)}
{'elname':'C', 'pos':Position([ -.40087328025470485122, -1.66257163007022978314, -3.09666024915661521320]), 'crg':-0.4050340, 'pol':Polarizability(iso=1.0)}
{'elname':'C', 'pos':Position([ .77571369288019211712, -.00361882560321948867, -4.76724053870801689868]), 'crg':0.2178170, 'pol':Polarizability(iso=1.0)}
{'elname':'C', 'pos':Position([ 3.08416726948931284265, 3.99856607578708984438, -5.54746500794062933928]), 'crg':-0.2318120, 'pol':Polarizability(iso=1.0)}
{'elname':'H', 'pos':Position([ -2.56821155559990112952, -4.56407418913740047757, .49769340024475733270]), 'crg':0.1797630, 'pol':Polarizability(iso=1.0)}
{'elname':'H', 'pos':Position([ -1.22980166190077728216, -3.39932446069105018130, -3.82164046372368272858]), 'crg':0.1842930, 'pol':Polarizability(iso=1.0)}
{'elname':'C', 'pos':Position([ .93827360664820782150, -.50026909700569109931, -7.42626099537168268020]), 'crg':-0.2463250, 'pol':Polarizability(iso=1.0)}
{'elname':'C', 'pos':Position([ 3.19500915761298861704, 3.44580038595767164571, -8.06849199096257359538]), 'crg':-0.0827780, 'pol':Polarizability(iso=1.0)}
{'elname':'H', 'pos':Position([ 3.91014578859406641102, 5.73369563163341126564, -4.81840298486026986801]), 'crg':0.1226010, 'pol':Polarizability(iso=1.0)}
{'elname':'C', 'pos':Position([ 2.10584091680442770399, 1.16182254261899416679, -9.02217253502229498927]), 'crg':-0.0635740, 'pol':Polarizability(iso=1.0)}
{'elname':'H', 'pos':Position([ .11046961206945423952, -2.23815387359848459079, -8.14652067398217459104]), 'crg':0.1243190, 'pol':Polarizability(iso=1.0)}
{'elname':'H', 'pos':Position([ 4.11369764230204929464, 4.74107727997351359809, -9.37101031563718164728]), 'crg':0.0981710, 'pol':Polarizability(iso=1.0)}
{'elname':'H', 'pos':Position([ 2.21670170218973908928, .75896316016638660924, -11.03314730868979237956]), 'crg':0.0928620, 'pol':Polarizability(iso=1.0)}
{'elname':'pi', 'pos':Position([ -1.52205726172631776274, -.33077672280665153374, 8.22421676519698883473]), 'crg':'0.0', 'pol':Polarizability(noniso =[ [0.20509295953,-0.290536741471,0.278968335651], [-0.290536741471,0.414593875747,-0.3971256598], [0.278968335651, -0.3971256598, 0.382313164723 ]])}
{'elname':'pi', 'pos':Position([ -2.65042503720870816051, -2.30381146428833290625, 8.54533226299243429232]), 'crg':'0.0', 'pol':Polarizability(noniso =[ [0.163068467679,-0.339856392626,-0.141907869363], [-0.339856392626,0.713676372291,0.297579765254], [-0.141907869363, 0.297579765254, 0.12525516003 ]])}
{'elname':'single', 'pos':Position([ -2.16127130949708339663, -.96039285139269038801, 10.02765992185604368441]), 'crg':'0.0', 'pol':Polarizability(noniso =[ [0.00391039873236,0.0105761602891,0.052793586224], [0.0105761602891,0.0394329353971,0.191847743724], [0.052793586224, 0.191847743724, 0.958656665871 ]])}
{'elname':'pi', 'pos':Position([ -.85699364976419996931, .25194396130445529399, 6.09675076703984978944]), 'crg':'0.0', 'pol':Polarizability(noniso =[ [0.00459493191236,0.0109831745635,0.058802919328], [0.0109831745635,0.0345556072921,0.179653674553], [0.058802919328, 0.179653674553, 0.962849460796 ]])}
{'elname':'single', 'pos':Position([ -.52437160935883103051, 1.36921148530208784505, 7.78639083467692863562]), 'crg':'0.0', 'pol':Polarizability(noniso =[ [0.163057128667,-0.340221379328,-0.141003445471], [-0.340221379328,0.715257915736,0.296021453069], [-0.141003445471, 0.296021453069, 0.123684955597 ]])}
{'elname':'pi', 'pos':Position([ -.18742020631274363295, .83309522783672463590, 3.93195039393231605594]), 'crg':'0.0', 'pol':Polarizability(noniso =[ [0.200640349378,-0.281486983153,0.283459905884], [-0.281486983153,0.397888314069,-0.39967007672], [0.283459905884, -0.39967007672, 0.403471336553 ]])}
{'elname':'single', 'pos':Position([ -1.32813167309551507510, -1.15485512225394442542, 4.28350938022273068453]), 'crg':'0.0', 'pol':Polarizability(noniso =[ [0.163054367346,-0.339843686177,-0.141904770774], [-0.339843686177,0.713685087886,0.297588032805], [-0.141904770774, 0.297588032805, 0.125260544768 ]])}
{'elname':'pi', 'pos':Position([ .47695176587351080129, 1.41080719275131279276, 1.79029444201299678066]), 'crg':'0.0', 'pol':Polarizability(noniso =[ [0.0042561450397,0.0107754711083,0.0559122136616], [0.0107754711083,0.0366589697911,0.185028748894], [0.0559122136616, 0.185028748894, 0.961084885169 ]])}
{'elname':'single', 'pos':Position([ .81533747107774106669, 2.53094804538063998222, 3.45915035644014897089]), 'crg':'0.0', 'pol':Polarizability(noniso =[ [0.163315071573,-0.340079030044,-0.141960654288], [-0.340079030044,0.71352623404,0.297432894844], [-0.141960654288, 0.297432894844, 0.125158694387 ]])}
{'elname':'pi', 'pos':Position([ 1.14651292610490399057, 1.99293166825781609638, -.36913721906385989419]), 'crg':'0.0', 'pol':Polarizability(noniso =[ [0.199201282652,-0.278488082604,0.284892472298], [-0.278488082604,0.392297226308,-0.400295887579], [0.284892472298, -0.400295887579, 0.41050149104 ]])}
{'elname':'single', 'pos':Position([ 0, 0, 0]), 'crg':'0.0', 'pol':Polarizability(noniso =[ [0.163225271755,-0.339992297833,-0.141955081282], [-0.339992297833,0.713557059298,0.297509961006], [-0.141955081282, 0.297509961006, 0.125217668947 ]])}
{'elname':'single', 'pos':Position([ 2.15410357815869617965, 3.69544738511031843397, -.85994823662092773460]), 'crg':'0.0', 'pol':Polarizability(noniso =[ [0.163040896861,-0.339894602447,-0.141750707005], [-0.339894602447,0.713957919946,0.297334198571], [-0.141750707005, 0.297334198571, 0.125001183193 ]])}
{'elname':'pi', 'pos':Position([ 1.81027262701416463143, 2.57007482559717236494, -2.51099064736727130344]), 'crg':'0.0', 'pol':Polarizability(noniso =[ [0.003848963061,0.0104082260163,0.0522462088444], [0.0104082260163,0.0390247712893,0.190873078556], [0.0522462088444, 0.190873078556, 0.95912626565 ]])}
{'elname':'pi', 'pos':Position([ -2.48235846140007543786, -3.15594757294909909194, 4.67362161483903690483]), 'crg':'0.0', 'pol':Polarizability(noniso =[ [0.198088573766,-0.275952223897,0.286178177731], [-0.275952223897,0.387372626372,-0.400690425968], [0.286178177731, -0.400690425968, 0.416538799862 ]])}
{'elname':'pi', 'pos':Position([ -1.81027262701416463143, -2.57007482559717236494, 2.51099064736727130344]), 'crg':'0.0', 'pol':Polarizability(noniso =[ [0.003848963061,0.0104082260163,0.0522462088444], [0.0104082260163,0.0390247712893,0.190873078556], [0.0522462088444, 0.190873078556, 0.95912626565 ]])}
{'elname':'pi', 'pos':Position([ -3.13958821355115072984, -3.72218323087238074504, 6.80797849945160146733]), 'crg':'0.0', 'pol':Polarizability(noniso =[ [0.00283918460573,0.00917196706514,0.0418310631142], [0.00917196706514,0.0467403675423,0.208610452691], [0.0418310631142, 0.208610452691, 0.952420447852 ]])}
{'elname':'single', 'pos':Position([ -3.49715652904168962683, -4.86613085371025055501, 5.18293399640044960364]), 'crg':'0.0', 'pol':Polarizability(noniso =[ [0.162336702875,-0.338919324325,-0.142406200978], [-0.338919324325,0.712966380579,0.299152099647], [-0.142406200978, 0.299152099647, 0.126696916546 ]])}
{'elname':'single', 'pos':Position([ -3.65435339995751895584, -4.09343883296559262190, 8.71975115329987762133]), 'crg':'0.0', 'pol':Polarizability(noniso =[ [0.200878527245,-0.281812651694,0.283388165613], [-0.281812651694,0.398333179052,-0.399554526996], [0.283388165613, -0.399554526996, 0.402788293702 ]])}
{'elname':'pi', 'pos':Position([ -1.14651292610490399057, -1.99293166825781609638, .36913721906385989419]), 'crg':'0.0', 'pol':Polarizability(noniso =[ [0.199201282652,-0.278488082604,0.284892472298], [-0.278488082604,0.392297226308,-0.400295887579], [0.284892472298, -0.400295887579, 0.41050149104 ]])}
{'elname':'pi', 'pos':Position([ -.47695176587351080129, -1.41080719275131279276, -1.79029444201299678066]), 'crg':'0.0', 'pol':Polarizability(noniso =[ [0.0042561450397,0.0107754711083,0.0559122136616], [0.0107754711083,0.0366589697911,0.185028748894], [0.0559122136616, 0.185028748894, 0.961084885169 ]])}
{'elname':'single', 'pos':Position([ 1.32813167309551507510, 1.15485512225394442542, -4.28350938022273068453]), 'crg':'0.0', 'pol':Polarizability(noniso =[ [0.163054367346,-0.339843686177,-0.141904770774], [-0.339843686177,0.713685087886,0.297588032805], [-0.141904770774, 0.297588032805, 0.125260544768 ]])}
{'elname':'pi', 'pos':Position([ 2.48235846140007543786, 3.15594757294909909194, -4.67362161483903690483]), 'crg':'0.0', 'pol':Polarizability(noniso =[ [0.198088573766,-0.275952223897,0.286178177731], [-0.275952223897,0.387372626372,-0.400690425968], [0.286178177731, -0.400690425968, 0.416538799862 ]])}
{'elname':'single', 'pos':Position([ -2.15410357815869617965, -3.69544738511031843397, .85994823662092773460]), 'crg':'0.0', 'pol':Polarizability(noniso =[ [0.163040896861,-0.339894602447,-0.141750707005], [-0.339894602447,0.713957919946,0.297334198571], [-0.141750707005, 0.297334198571, 0.125001183193 ]])}
{'elname':'pi', 'pos':Position([ .18742020631274363295, -.83309522783672463590, -3.93195039393231605594]), 'crg':'0.0', 'pol':Polarizability(noniso =[ [0.200640349378,-0.281486983153,0.283459905884], [-0.281486983153,0.397888314069,-0.39967007672], [0.283459905884, -0.39967007672, 0.403471336553 ]])}
{'elname':'single', 'pos':Position([ -.81533747107774106669, -2.53094804538063998222, -3.45915035644014897089]), 'crg':'0.0', 'pol':Polarizability(noniso =[ [0.163315071573,-0.340079030044,-0.141960654288], [-0.340079030044,0.71352623404,0.297432894844], [-0.141960654288, 0.297432894844, 0.125158694387 ]])}
{'elname':'pi', 'pos':Position([ .85699364976419996931, -.25194396130445529399, -6.09675076703984978944]), 'crg':'0.0', 'pol':Polarizability(noniso =[ [0.00459493191236,0.0109831745635,0.058802919328], [0.0109831745635,0.0345556072921,0.179653674553], [0.058802919328, 0.179653674553, 0.962849460796 ]])}
{'elname':'pi', 'pos':Position([ 3.13958821355115072984, 3.72218323087238074504, -6.80797849945160146733]), 'crg':'0.0', 'pol':Polarizability(noniso =[ [0.00283918460573,0.00917196706514,0.0418310631142], [0.00917196706514,0.0467403675423,0.208610452691], [0.0418310631142, 0.208610452691, 0.952420447852 ]])}
{'elname':'single', 'pos':Position([ 3.49715652904168962683, 4.86613085371025055501, -5.18293399640044960364]), 'crg':'0.0', 'pol':Polarizability(noniso =[ [0.162336702875,-0.338919324325,-0.142406200978], [-0.338919324325,0.712966380579,0.299152099647], [-0.142406200978, 0.299152099647, 0.126696916546 ]])}
{'elname':'pi', 'pos':Position([ 1.52205726172631776274, .33077672280665153374, -8.22421676519698883473]), 'crg':'0.0', 'pol':Polarizability(noniso =[ [0.20509295953,-0.290536741471,0.278968335651], [-0.290536741471,0.414593875747,-0.3971256598], [0.278968335651, -0.3971256598, 0.382313164723 ]])}
{'elname':'single', 'pos':Position([ .52437160935883103051, -1.36921148530208784505, -7.78639083467692863562]), 'crg':'0.0', 'pol':Polarizability(noniso =[ [0.163057128667,-0.340221379328,-0.141003445471], [-0.340221379328,0.715257915736,0.296021453069], [-0.141003445471, 0.296021453069, 0.123684955597 ]])}
{'elname':'pi', 'pos':Position([ 2.65042503720870816051, 2.30381146428833290625, -8.54533226299243429232]), 'crg':'0.0', 'pol':Polarizability(noniso =[ [0.163068467679,-0.339856392626,-0.141907869363], [-0.339856392626,0.713676372291,0.297579765254], [-0.141907869363, 0.297579765254, 0.12525516003 ]])}
{'elname':'single', 'pos':Position([ 3.65435339995751895584, 4.09343883296559262190, -8.71975115329987762133]), 'crg':'0.0', 'pol':Polarizability(noniso =[ [0.200878527245,-0.281812651694,0.283388165613], [-0.281812651694,0.398333179052,-0.399554526996], [0.283388165613, -0.399554526996, 0.402788293702 ]])}
{'elname':'single', 'pos':Position([ 2.16127130949708339663, .96039285139269038801, -10.02765992185604368441]), 'crg':'0.0', 'pol':Polarizability(noniso =[ [0.00391039873236,0.0105761602891,0.052793586224], [0.0105761602891,0.0394329353971,0.191847743724], [0.052793586224, 0.191847743724, 0.958656665871 ]])}
