{'elname':'C', 'pos':Position([ -2.11127765897699296190, -1.15231722001628188062, 9.01295445079644398889]), 'crg':0., 'pol':Polarizability(iso=1.0)}
{'elname':'C', 'pos':Position([ -.89690183174936486303, .51345749590118395123, 7.45827673603473467866]), 'crg':0., 'pol':Polarizability(iso=1.0)}
{'elname':'C', 'pos':Position([ -.79077481040377400991, .02159957004950326658, 4.72658308029900003250]), 'crg':0., 'pol':Polarizability(iso=1.0)}
{'elname':'C', 'pos':Position([ .40302189890267381134, 1.62495663078454627296, 3.15106168595321189197]), 'crg':0., 'pol':Polarizability(iso=1.0)}
{'elname':'C', 'pos':Position([ .56472576671859634164, 1.15541637092452206935, .48887215851325416136]), 'crg':0., 'pol':Polarizability(iso=1.0)}
{'elname':'C', 'pos':Position([ 1.71515326057131713157, 2.73630458757482370744, -1.19555415463855963560]), 'crg':0., 'pol':Polarizability(iso=1.0)}
{'elname':'C', 'pos':Position([ -1.80440502727630744484, -2.24096956558219061592, 3.79285048562182951192]), 'crg':0., 'pol':Polarizability(iso=1.0)}
{'elname':'C', 'pos':Position([ -3.13091720504965066522, -3.93431538622601276094, 5.45643311918956447859]), 'crg':0., 'pol':Polarizability(iso=1.0)}
{'elname':'C', 'pos':Position([ -3.24430077486331610658, -3.45198168023867997336, 8.06994330065618851303]), 'crg':0., 'pol':Polarizability(iso=1.0)}
{'elname':'H', 'pos':Position([ -2.15239810029608229530, -.70987563334172371749, 10.88967929835223437442]), 'crg':0., 'pol':Polarizability(iso=1.0)}
{'elname':'H', 'pos':Position([ -.11721971392569445546, 2.23320279104995453318, 8.08617604840117828205]), 'crg':0., 'pol':Polarizability(iso=1.0)}
{'elname':'H', 'pos':Position([ 1.22586536230207953025, 3.37701624333021150571, 3.82297272066899329751]), 'crg':0., 'pol':Polarizability(iso=1.0)}
{'elname':'H', 'pos':Position([ 2.50736426285939757041, 4.49851202961881199719, -.50973473535896860257]), 'crg':0., 'pol':Polarizability(iso=1.0)}
{'elname':'H', 'pos':Position([ -3.76537386720365125330, -5.62662185747987630608, 4.68024699476848208879]), 'crg':0., 'pol':Polarizability(iso=1.0)}
{'elname':'H', 'pos':Position([ -4.06986544393824979609, -4.74451658159119478314, 9.26782181847592829018]), 'crg':0., 'pol':Polarizability(iso=1.0)}
{'elname':'C', 'pos':Position([ -.56472576671859634164, -1.15541637092452206935, -.48887215851325416136]), 'crg':0., 'pol':Polarizability(iso=1.0)}
{'elname':'C', 'pos':Position([ 1.80440502727630744484, 2.24096956558219061592, -3.79285048562182951192]), 'crg':0., 'pol':Polarizability(iso=1.0)}
{'elname':'C', 'pos':Position([ -1.71515326057131713157, -2.73630458757482370744, 1.19555415463855963560]), 'crg':0., 'pol':Polarizability(iso=1.0)}
{'elname':'C', 'pos':Position([ -.40302189890267381134, -1.62495663078454627296, -3.15106168595321189197]), 'crg':0., 'pol':Polarizability(iso=1.0)}
{'elname':'C', 'pos':Position([ .79077481040377400991, -.02159957004950326658, -4.72658308029900003250]), 'crg':0., 'pol':Polarizability(iso=1.0)}
{'elname':'C', 'pos':Position([ 3.13091720504965066522, 3.93431538622601276094, -5.45643311918956447859]), 'crg':0., 'pol':Polarizability(iso=1.0)}
{'elname':'H', 'pos':Position([ -2.50736426285939757041, -4.49851202961881199719, .50973473535896860257]), 'crg':0., 'pol':Polarizability(iso=1.0)}
{'elname':'H', 'pos':Position([ -1.22586536230207953025, -3.37701624333021150571, -3.82297272066899329751]), 'crg':0., 'pol':Polarizability(iso=1.0)}
{'elname':'C', 'pos':Position([ .89690183174936486303, -.51345749590118395123, -7.45827673603473467866]), 'crg':0., 'pol':Polarizability(iso=1.0)}
{'elname':'C', 'pos':Position([ 3.24430077486331610658, 3.45198168023867997336, -8.06994330065618851303]), 'crg':0., 'pol':Polarizability(iso=1.0)}
{'elname':'H', 'pos':Position([ 3.76537386720365125330, 5.62662185747987630608, -4.68024699476848208879]), 'crg':0., 'pol':Polarizability(iso=1.0)}
{'elname':'C', 'pos':Position([ 2.11127765897699296190, 1.15231722001628188062, -9.01295445079644398889]), 'crg':0., 'pol':Polarizability(iso=1.0)}
{'elname':'H', 'pos':Position([ .11721971392569445546, -2.23320279104995453318, -8.08617604840117828205]), 'crg':0., 'pol':Polarizability(iso=1.0)}
{'elname':'H', 'pos':Position([ 4.06986544393824979609, 4.74451658159119478314, -9.26782181847592829018]), 'crg':0., 'pol':Polarizability(iso=1.0)}
{'elname':'H', 'pos':Position([ 2.15239810029608229530, .70987563334172371749, -10.88967929835223437442]), 'crg':0., 'pol':Polarizability(iso=1.0)}
{'elname':'pi', 'pos':Position([ -1.50408974536317891246, -.31942986205754896469, 8.23561559341558933377]), 'crg':'0.0', 'pol':Polarizability(noniso =[ [0.221989394358,-0.303133953553,0.282916770001], [-0.303133953553,0.416812686685,-0.388080519729], [0.282916770001, -0.388080519729, 0.363197918957 ]])}
{'elname':'pi', 'pos':Position([ -2.67778921692015453424, -2.30214945012748092699, 8.54144887572631625096]), 'crg':'0.0', 'pol':Polarizability(noniso =[ [0.17287738832,-0.348854596074,-0.143052945143], [-0.348854596074,0.709060149107,0.290350452045], [-0.143052945143, 0.290350452045, 0.120062462573 ]])}
{'elname':'single', 'pos':Position([ -2.13183787963653762860, -.93109642667900279905, 9.95131687457433918165]), 'crg':'0.0', 'pol':Polarizability(noniso =[ [0.0014541419305,0.0048864085564,0.0207269041367], [0.0048864085564,0.0535760494169,0.223014249335], [0.0207269041367, 0.223014249335, 0.946969808653 ]])}
{'elname':'pi', 'pos':Position([ -.84383832107656943647, .26752853297534360890, 6.09242990816686735558]), 'crg':'0.0', 'pol':Polarizability(noniso =[ [0.00245835251816,0.00675890301684,0.0375377756877], [0.00675890301684,0.032324915905,0.173973152706], [0.0375377756877, 0.173973152706, 0.967216731577 ]])}
{'elname':'single', 'pos':Position([ -.50706077283752965924, 1.37333014347556924220, 7.77222639221795648035]), 'crg':'0.0', 'pol':Polarizability(noniso =[ [0.154369827093,-0.338287915719,-0.123512912209], [-0.338287915719,0.74716185002,0.272432501408], [-0.123512912209, 0.272432501408, 0.100468322886 ]])}
{'elname':'pi', 'pos':Position([ -.19387645575055009928, .82327810041702476977, 3.93882238312610596223]), 'crg':'0.0', 'pol':Polarizability(noniso =[ [0.220772708734,-0.295170962994,0.290046539586], [-0.295170962994,0.397436381464,-0.389553902739], [0.290046539586, -0.389553902739, 0.383790909802 ]])}
{'elname':'single', 'pos':Position([ -1.29758991884004072737, -1.10968499776634367467, 4.25971678296041477221]), 'crg':'0.0', 'pol':Polarizability(noniso =[ [0.147244293255,-0.326438398019,-0.134716843603], [-0.326438398019,0.729657681815,0.30070746443], [-0.134716843603, 0.30070746443, 0.125098024931 ]])}
{'elname':'pi', 'pos':Position([ .48387383281063507649, 1.39018650085453417115, 1.81996692223323302666]), 'crg':'0.0', 'pol':Polarizability(noniso =[ [0.00456182960739,0.0103425009062,0.0586396949398], [0.0103425009062,0.0310315671401,0.170272350142], [0.0586396949398, 0.170272350142, 0.966406603253 ]])}
{'elname':'single', 'pos':Position([ .81444363060237667079, 2.50098643705737888933, 3.48701720331110259474]), 'crg':'0.0', 'pol':Polarizability(noniso =[ [0.162113441313,-0.343054743848,-0.131560744995], [-0.343054743848,0.731457721697,0.280128940869], [-0.131560744995, 0.280128940869, 0.10842883699 ]])}
{'elname':'pi', 'pos':Position([ 1.13993951364495673660, 1.94586047924967288839, -.35334099806265273712]), 'crg':'0.0', 'pol':Polarizability(noniso =[ [0.19952302023,-0.27280528768,0.290672294281], [-0.27280528768,0.375882091255,-0.399434477523], [0.290672294281, -0.399434477523, 0.426594888515 ]])}
{'elname':'single', 'pos':Position([ 0, 0, 0]), 'crg':'0.0', 'pol':Polarizability(noniso =[ [0.169311365922,-0.344361314925,-0.145703889587], [-0.344361314925,0.705555598888,0.298106920664], [-0.145703889587, 0.298106920664, 0.12713303519 ]])}
{'elname':'single', 'pos':Position([ 2.11125876171535735099, 3.61740830859681785231, -.85264444499876411908]), 'crg':'0.0', 'pol':Polarizability(noniso =[ [0.150160766421,-0.33179571085,-0.129128918824], [-0.33179571085,0.739051944758,0.287236533041], [-0.129128918824, 0.287236533041, 0.112787288821 ]])}
{'elname':'pi', 'pos':Position([ 1.75977914392381228820, 2.48863707657850716168, -2.49420232013019457376]), 'crg':'0.0', 'pol':Polarizability(noniso =[ [0.00213696299286,0.00630998813651,0.0330865137894], [0.00630998813651,0.0360195657494,0.18362559802], [0.0330865137894, 0.18362559802, 0.963843471258 ]])}
{'elname':'pi', 'pos':Position([ -2.46766111616297905503, -3.08764247590410168843, 4.62464180240569699525]), 'crg':'0.0', 'pol':Polarizability(noniso =[ [0.238725367592,-0.303465934515,0.298132048624], [-0.303465934515,0.388386396091,-0.380577477536], [0.298132048624, -0.380577477536, 0.374888236317 ]])}
{'elname':'pi', 'pos':Position([ -1.75977914392381228820, -2.48863707657850716168, 2.49420232013019457376]), 'crg':'0.0', 'pol':Polarizability(noniso =[ [0.00213696299286,0.00630998813651,0.0330865137894], [0.00630998813651,0.0360195657494,0.18362559802], [0.0330865137894, 0.18362559802, 0.963843471258 ]])}
{'elname':'pi', 'pos':Position([ -3.18760898995648338590, -3.69314853323234636715, 6.76318820992287649581]), 'crg':'0.0', 'pol':Polarizability(noniso =[ [0.00281502151256,0.00772110151445,0.0418365483682], [0.00772110151445,0.0338455658425,0.177972676758], [0.0418365483682, 0.177972676758, 0.965339412645 ]])}
{'elname':'single', 'pos':Position([ -3.44814553612665095926, -4.78046862185294453351, 5.06834005697902328369]), 'crg':'0.0', 'pol':Polarizability(noniso =[ [0.104939771183,-0.277241863606,-0.1271585799], [-0.277241863606,0.740496056815,0.33917413194], [-0.1271585799, 0.33917413194, 0.156564172002 ]])}
{'elname':'single', 'pos':Position([ -3.65708310940078295133, -4.09824913091493737825, 8.66888255956605840160]), 'crg':'0.0', 'pol':Polarizability(noniso =[ [0.180787307055,-0.28148172747,0.260867937989], [-0.28148172747,0.441698312896,-0.408424593645], [0.260867937989, -0.408424593645, 0.379514380049 ]])}
{'elname':'pi', 'pos':Position([ -1.13993951364495673660, -1.94586047924967288839, .35334099806265273712]), 'crg':'0.0', 'pol':Polarizability(noniso =[ [0.19952302023,-0.27280528768,0.290672294281], [-0.27280528768,0.375882091255,-0.399434477523], [0.290672294281, -0.399434477523, 0.426594888515 ]])}
{'elname':'pi', 'pos':Position([ -.48387383281063507649, -1.39018650085453417115, -1.81996692223323302666]), 'crg':'0.0', 'pol':Polarizability(noniso =[ [0.00456182960739,0.0103425009062,0.0586396949398], [0.0103425009062,0.0310315671401,0.170272350142], [0.0586396949398, 0.170272350142, 0.966406603253 ]])}
{'elname':'single', 'pos':Position([ 1.29758991884004072737, 1.10968499776634367467, -4.25971678296041477221]), 'crg':'0.0', 'pol':Polarizability(noniso =[ [0.147244293255,-0.326438398019,-0.134716843603], [-0.326438398019,0.729657681815,0.30070746443], [-0.134716843603, 0.30070746443, 0.125098024931 ]])}
{'elname':'pi', 'pos':Position([ 2.46766111616297905503, 3.08764247590410168843, -4.62464180240569699525]), 'crg':'0.0', 'pol':Polarizability(noniso =[ [0.238725367592,-0.303465934515,0.298132048624], [-0.303465934515,0.388386396091,-0.380577477536], [0.298132048624, -0.380577477536, 0.374888236317 ]])}
{'elname':'single', 'pos':Position([ -2.11125876171535735099, -3.61740830859681785231, .85264444499876411908]), 'crg':'0.0', 'pol':Polarizability(noniso =[ [0.150160766421,-0.33179571085,-0.129128918824], [-0.33179571085,0.739051944758,0.287236533041], [-0.129128918824, 0.287236533041, 0.112787288821 ]])}
{'elname':'pi', 'pos':Position([ .19387645575055009928, -.82327810041702476977, -3.93882238312610596223]), 'crg':'0.0', 'pol':Polarizability(noniso =[ [0.220772708734,-0.295170962994,0.290046539586], [-0.295170962994,0.397436381464,-0.389553902739], [0.290046539586, -0.389553902739, 0.383790909802 ]])}
{'elname':'single', 'pos':Position([ -.81444363060237667079, -2.50098643705737888933, -3.48701720331110259474]), 'crg':'0.0', 'pol':Polarizability(noniso =[ [0.162113441313,-0.343054743848,-0.131560744995], [-0.343054743848,0.731457721697,0.280128940869], [-0.131560744995, 0.280128940869, 0.10842883699 ]])}
{'elname':'pi', 'pos':Position([ .84383832107656943647, -.26752853297534360890, -6.09242990816686735558]), 'crg':'0.0', 'pol':Polarizability(noniso =[ [0.00245835251816,0.00675890301684,0.0375377756877], [0.00675890301684,0.032324915905,0.173973152706], [0.0375377756877, 0.173973152706, 0.967216731577 ]])}
{'elname':'pi', 'pos':Position([ 3.18760898995648338590, 3.69314853323234636715, -6.76318820992287649581]), 'crg':'0.0', 'pol':Polarizability(noniso =[ [0.00281502151256,0.00772110151445,0.0418365483682], [0.00772110151445,0.0338455658425,0.177972676758], [0.0418365483682, 0.177972676758, 0.965339412645 ]])}
{'elname':'single', 'pos':Position([ 3.44814553612665095926, 4.78046862185294453351, -5.06834005697902328369]), 'crg':'0.0', 'pol':Polarizability(noniso =[ [0.104939771183,-0.277241863606,-0.1271585799], [-0.277241863606,0.740496056815,0.33917413194], [-0.1271585799, 0.33917413194, 0.156564172002 ]])}
{'elname':'pi', 'pos':Position([ 1.50408974536317891246, .31942986205754896469, -8.23561559341558933377]), 'crg':'0.0', 'pol':Polarizability(noniso =[ [0.221989394358,-0.303133953553,0.282916770001], [-0.303133953553,0.416812686685,-0.388080519729], [0.282916770001, -0.388080519729, 0.363197918957 ]])}
{'elname':'single', 'pos':Position([ .50706077283752965924, -1.37333014347556924220, -7.77222639221795648035]), 'crg':'0.0', 'pol':Polarizability(noniso =[ [0.154369827093,-0.338287915719,-0.123512912209], [-0.338287915719,0.74716185002,0.272432501408], [-0.123512912209, 0.272432501408, 0.100468322886 ]])}
{'elname':'pi', 'pos':Position([ 2.67778921692015453424, 2.30214945012748092699, -8.54144887572631625096]), 'crg':'0.0', 'pol':Polarizability(noniso =[ [0.17287738832,-0.348854596074,-0.143052945143], [-0.348854596074,0.709060149107,0.290350452045], [-0.143052945143, 0.290350452045, 0.120062462573 ]])}
{'elname':'single', 'pos':Position([ 3.65708310940078295133, 4.09824913091493737825, -8.66888255956605840160]), 'crg':'0.0', 'pol':Polarizability(noniso =[ [0.180787307055,-0.28148172747,0.260867937989], [-0.28148172747,0.441698312896,-0.408424593645], [0.260867937989, -0.408424593645, 0.379514380049 ]])}
{'elname':'single', 'pos':Position([ 2.13183787963653762860, .93109642667900279905, -9.95131687457433918165]), 'crg':'0.0', 'pol':Polarizability(noniso =[ [0.0014541419305,0.0048864085564,0.0207269041367], [0.0048864085564,0.0535760494169,0.223014249335], [0.0207269041367, 0.223014249335, 0.946969808653 ]])}
