{'elname':'H', 'pos':Position([ -.31794453729298994741, -.41764837940863665327, 11.71457500436526743782]), 'crg':0.1787510, 'pol':Polarizability(iso=1.0)}
{'elname':'C', 'pos':Position([ .23687717460238271792, -.23529169435115496283, 9.75581903377545366656]), 'crg':-0.1487660, 'pol':Polarizability(iso=1.0)}
{'elname':'C', 'pos':Position([ 2.60813013107896560925, .08412871907557619640, 8.77855848664681698304]), 'crg':-0.1799080, 'pol':Polarizability(iso=1.0)}
{'elname':'C', 'pos':Position([ 2.61843291812270067569, .27110578460296475358, 6.09501883301094604982]), 'crg':-0.0667380, 'pol':Polarizability(iso=1.0)}
{'elname':'S', 'pos':Position([ -2.03904665582719739248, -.34094628415585554328, 7.39703826997837397378]), 'crg':-0.0638140, 'pol':Polarizability(iso=1.0)}
{'elname':'H', 'pos':Position([ 4.29832199875580429391, .19917335818701183648, 9.93219473552526450497]), 'crg':0.1286530, 'pol':Polarizability(iso=1.0)}
{'elname':'H', 'pos':Position([ 4.31571881781754769479, .56830490807238104740, 4.98413385913074108257]), 'crg':0.1322060, 'pol':Polarizability(iso=1.0)}
{'elname':'C', 'pos':Position([ .24744452330901633706, .09146085659019322827, 5.02803219791026521928]), 'crg':0.0333710, 'pol':Polarizability(iso=1.0)}
{'elname':'C', 'pos':Position([ -.47023189963588756280, .20163000219964125438, 2.39049414827396191672]), 'crg':0.0519620, 'pol':Polarizability(iso=1.0)}
{'elname':'C', 'pos':Position([ -2.81363218218774353845, .64253524150322425078, 1.33873870605158347714]), 'crg':-0.1375060, 'pol':Polarizability(iso=1.0)}
{'elname':'C', 'pos':Position([ -2.81363218218774353845, .64253524150322425078, -1.33873870605158347714]), 'crg':-0.1375060, 'pol':Polarizability(iso=1.0)}
{'elname':'S', 'pos':Position([ 1.78143540575822238751, -.27994403386993997473, 0]), 'crg':-0.1314150, 'pol':Polarizability(iso=1.0)}
{'elname':'H', 'pos':Position([ -4.48495702384758829367, 1.01144758315362037517, 2.46735309079831859724]), 'crg':0.1374940, 'pol':Polarizability(iso=1.0)}
{'elname':'H', 'pos':Position([ -4.48495702384758829367, 1.01144758315362037517, -2.46735309079831859724]), 'crg':0.1374940, 'pol':Polarizability(iso=1.0)}
{'elname':'C', 'pos':Position([ -.47023189963588756280, .20163000219964125438, -2.39049414827396191672]), 'crg':0.0519620, 'pol':Polarizability(iso=1.0)}
{'elname':'C', 'pos':Position([ .24744452330901633706, .09146085659019322827, -5.02803219791026521928]), 'crg':0.0333710, 'pol':Polarizability(iso=1.0)}
{'elname':'C', 'pos':Position([ 2.61843291812270067569, .27110578460296475358, -6.09501883301094604982]), 'crg':-0.0667380, 'pol':Polarizability(iso=1.0)}
{'elname':'C', 'pos':Position([ 2.60813013107896560925, .08412871907557619640, -8.77855848664681698304]), 'crg':-0.1799080, 'pol':Polarizability(iso=1.0)}
{'elname':'S', 'pos':Position([ -2.03904665582719739248, -.34094628415585554328, -7.39703826997837397378]), 'crg':-0.0638140, 'pol':Polarizability(iso=1.0)}
{'elname':'H', 'pos':Position([ 4.31571881781754769479, .56830490807238104740, -4.98413385913074108257]), 'crg':0.1322060, 'pol':Polarizability(iso=1.0)}
{'elname':'H', 'pos':Position([ 4.29832199875580429391, .19917335818701183648, -9.93219473552526450497]), 'crg':0.1286530, 'pol':Polarizability(iso=1.0)}
{'elname':'C', 'pos':Position([ .23687717460238271792, -.23529169435115496283, -9.75581903377545366656]), 'crg':-0.1487660, 'pol':Polarizability(iso=1.0)}
{'elname':'H', 'pos':Position([ -.31794453729298994741, -.41764837940863665327, -11.71457500436526743782]), 'crg':0.1787510, 'pol':Polarizability(iso=1.0)}
{'elname':'single', 'pos':Position([ -.04053368134530361474, -.32647003687989580805, 10.73519701907036055219]), 'crg':'0.0', 'pol':Polarizability(noniso =[ [0.0746078462125,-0.0241931462698,0.259866917894], [-0.0241931462698,0.00895171108174,-0.085412067854], [0.259866917894, -0.085412067854, 0.918440442706 ]])}
{'elname':'pi', 'pos':Position([ 1.42250365284067416358, -.07558148763778938321, 9.26718876021113532480]), 'crg':'0.0', 'pol':Polarizability(noniso =[ [0.841912420883,-0.113275385657,0.346563840975], [-0.113275385657,0.0162587982731,-0.0466839967708], [0.346563840975, -0.0466839967708, 0.143828780844 ]])}
{'elname':'single', 'pos':Position([ -.90108474061240733728, -.28811898925350525305, 8.57642865187691382017]), 'crg':'0.0', 'pol':Polarizability(noniso =[ [0.482146162871,-0.0223361167868,-0.498662696168], [-0.0223361167868,0.00203690344351,0.0231492820235], [-0.498662696168, 0.0231492820235, 0.517816933685 ]])}
{'elname':'pi', 'pos':Position([ 2.61328152460083314247, .17761725183927047499, 7.43678865982888151643]), 'crg':'0.0', 'pol':Polarizability(noniso =[ [0.00101465376661,-0.000265939523708,0.00381682777686], [-0.000265939523708,0.00582632432755,-0.0692685633811], [0.00381682777686, -0.0692685633811, 0.995159021906 ]])}
{'elname':'single', 'pos':Position([ 3.45322606491738495158, .14165103863129401644, 9.35537661108604074400]), 'crg':'0.0', 'pol':Polarizability(noniso =[ [0.680358874195,-0.046241256986,-0.463694707244], [-0.046241256986,0.0041474584772,0.0315618547651], [-0.463694707244, 0.0315618547651, 0.317493667328 ]])}
{'elname':'single', 'pos':Position([ 3.46707586797012418524, .41970534633767290049, 5.53957634607084356619]), 'crg':'0.0', 'pol':Polarizability(noniso =[ [0.685696826547,-0.119892174164,0.448138652664], [-0.119892174164,0.0219934278478,-0.0784702299055], [0.448138652664, -0.0784702299055, 0.294309745605 ]])}
{'elname':'pi', 'pos':Position([ 1.43293872071585850637, .18128332059657899092, 5.56152551546060563455]), 'crg':'0.0', 'pol':Polarizability(noniso =[ [0.827811077445,-0.0626457796304,-0.372079581375], [-0.0626457796304,0.00574654224231,0.0281917067824], [-0.372079581375, 0.0281917067824, 0.168442380313 ]])}
{'elname':'single', 'pos':Position([ -.89580106625909052771, -.12474271378283115750, 6.21253523394431959653]), 'crg':'0.0', 'pol':Polarizability(noniso =[ [0.474629775705,-0.0895699484667,0.490722126897], [-0.0895699484667,0.0179389174411,-0.092802348738], [0.490722126897, -0.092802348738, 0.509431306854 ]])}
{'elname':'pi', 'pos':Position([ -.11139368816343561287, .14654542939491724132, 3.70926317309211356800]), 'crg':'0.0', 'pol':Polarizability(noniso =[ [0.0697543944939,0.0105543566099,-0.252679795183], [0.0105543566099,0.00262017925209,-0.038788395798], [-0.252679795183, -0.038788395798, 0.929625426254 ]])}
{'elname':'pi', 'pos':Position([ -1.64193204091181555062, .42208262185143275258, 1.86461642716277269693]), 'crg':'0.0', 'pol':Polarizability(noniso =[ [0.808706572137,0.151968087623,-0.36251159876], [0.151968087623,0.0295924374674,-0.0682057027952], [-0.36251159876, -0.0682057027952, 0.163700990396 ]])}
{'elname':'single', 'pos':Position([ .65560175306116741235, -.03915701583514936017, 1.19524707413698095836]), 'crg':'0.0', 'pol':Polarizability(noniso =[ [0.460764003092,0.0983317589051,0.488110812972], [0.0983317589051,0.0220306477766,0.104394416391], [0.488110812972, 0.104394416391, 0.519205349131 ]])}
{'elname':'pi', 'pos':Position([ -2.81363218218774353845, .64253524150322425078, 0]), 'crg':'0.0', 'pol':Polarizability(noniso =[ [0.001,0.0,-2.2182256032e-16], [0.0,0.001,0.0], [-2.2182256032e-16, 0.0, 1.0 ]])}
{'elname':'single', 'pos':Position([ -3.64929460301766591606, .82699141232842231297, 1.90304589842495103719]), 'crg':'0.0', 'pol':Polarizability(noniso =[ [0.664907911558,0.14654471482,0.448324586851], [0.14654471482,0.0333468858676,0.09895890316], [0.448324586851, 0.09895890316, 0.303745202574 ]])}
{'elname':'single', 'pos':Position([ -3.64929460301766591606, .82699141232842231297, -1.90304589842495103719]), 'crg':'0.0', 'pol':Polarizability(noniso =[ [0.664907911558,0.14654471482,-0.448324586851], [0.14654471482,0.0333468858676,-0.09895890316], [-0.448324586851, -0.09895890316, 0.303745202574 ]])}
{'elname':'pi', 'pos':Position([ -1.64193204091181555062, .42208262185143275258, -1.86461642716277269693]), 'crg':'0.0', 'pol':Polarizability(noniso =[ [0.808706572137,0.151968087623,0.36251159876], [0.151968087623,0.0295924374674,0.0682057027952], [0.36251159876, 0.0682057027952, 0.163700990396 ]])}
{'elname':'single', 'pos':Position([ .65560175306116741235, -.03915701583514936017, -1.19524707413698095836]), 'crg':'0.0', 'pol':Polarizability(noniso =[ [0.460764003092,0.0983317589051,-0.488110812972], [0.0983317589051,0.0220306477766,-0.104394416391], [-0.488110812972, -0.104394416391, 0.519205349131 ]])}
{'elname':'pi', 'pos':Position([ -.11139368816343561287, .14654542939491724132, -3.70926317309211356800]), 'crg':'0.0', 'pol':Polarizability(noniso =[ [0.0697543944939,0.0105543566099,0.252679795183], [0.0105543566099,0.00262017925209,0.038788395798], [0.252679795183, 0.038788395798, 0.929625426254 ]])}
{'elname':'pi', 'pos':Position([ 1.43293872071585850637, .18128332059657899092, -5.56152551546060563455]), 'crg':'0.0', 'pol':Polarizability(noniso =[ [0.827811077445,-0.0626457796304,0.372079581375], [-0.0626457796304,0.00574654224231,-0.0281917067824], [0.372079581375, -0.0281917067824, 0.168442380313 ]])}
{'elname':'single', 'pos':Position([ -.89580106625909052771, -.12474271378283115750, -6.21253523394431959653]), 'crg':'0.0', 'pol':Polarizability(noniso =[ [0.474629775705,-0.0895699484667,-0.490722126897], [-0.0895699484667,0.0179389174411,0.092802348738], [-0.490722126897, 0.092802348738, 0.509431306854 ]])}
{'elname':'pi', 'pos':Position([ 2.61328152460083314247, .17761725183927047499, -7.43678865982888151643]), 'crg':'0.0', 'pol':Polarizability(noniso =[ [0.00101465376661,-0.000265939523708,-0.00381682777686], [-0.000265939523708,0.00582632432755,0.0692685633811], [-0.00381682777686, 0.0692685633811, 0.995159021906 ]])}
{'elname':'single', 'pos':Position([ 3.46707586797012418524, .41970534633767290049, -5.53957634607084356619]), 'crg':'0.0', 'pol':Polarizability(noniso =[ [0.685696826547,-0.119892174164,-0.448138652664], [-0.119892174164,0.0219934278478,0.0784702299055], [-0.448138652664, 0.0784702299055, 0.294309745605 ]])}
{'elname':'single', 'pos':Position([ 3.45322606491738495158, .14165103863129401644, -9.35537661108604074400]), 'crg':'0.0', 'pol':Polarizability(noniso =[ [0.680358874195,-0.046241256986,0.463694707244], [-0.046241256986,0.0041474584772,-0.0315618547651], [0.463694707244, -0.0315618547651, 0.317493667328 ]])}
{'elname':'pi', 'pos':Position([ 1.42250365284067416358, -.07558148763778938321, -9.26718876021113532480]), 'crg':'0.0', 'pol':Polarizability(noniso =[ [0.841912420883,-0.113275385657,-0.346563840975], [-0.113275385657,0.0162587982731,0.0466839967708], [-0.346563840975, 0.0466839967708, 0.143828780844 ]])}
{'elname':'single', 'pos':Position([ -.90108474061240733728, -.28811898925350525305, -8.57642865187691382017]), 'crg':'0.0', 'pol':Polarizability(noniso =[ [0.482146162871,-0.0223361167868,0.498662696168], [-0.0223361167868,0.00203690344351,-0.0231492820235], [0.498662696168, -0.0231492820235, 0.517816933685 ]])}
{'elname':'single', 'pos':Position([ -.04053368134530361474, -.32647003687989580805, -10.73519701907036055219]), 'crg':'0.0', 'pol':Polarizability(noniso =[ [0.0746078462125,-0.0241931462698,-0.259866917894], [-0.0241931462698,0.00895171108174,0.085412067854], [-0.259866917894, 0.085412067854, 0.918440442706 ]])}
