{'elname':'H', 'pos':Position([ -.20078529460452944684, -15.40603223268122662881, -.63117042835556785137]), 'crg':0., 'pol':Polarizability(iso=1.0)}
{'elname':'C', 'pos':Position([ .34604476534514336596, -13.45273190152561372636, -.37939465267966949445]), 'crg':0., 'pol':Polarizability(iso=1.0)}
{'elname':'C', 'pos':Position([ 2.69721560188156254653, -12.48844810396215105261, .09280634161864872485]), 'crg':0., 'pol':Polarizability(iso=1.0)}
{'elname':'C', 'pos':Position([ 2.70157520014089798275, -9.80950426435606069195, .33197008487894036250]), 'crg':0., 'pol':Polarizability(iso=1.0)}
{'elname':'S', 'pos':Position([ -1.91656216480982173835, -11.08654341116737455808, -.56780602036520091946]), 'crg':0., 'pol':Polarizability(iso=1.0)}
{'elname':'H', 'pos':Position([ 4.37618249614684835249, -13.64883067524451166830, .28061866611033128411]), 'crg':0., 'pol':Polarizability(iso=1.0)}
{'elname':'H', 'pos':Position([ 4.38177230613866205875, -8.70974977757923054885, .74511713656597449776]), 'crg':0., 'pol':Polarizability(iso=1.0)}
{'elname':'C', 'pos':Position([ .34604476534514336596, -8.73222996002095328370, .03844269934532326789]), 'crg':0., 'pol':Polarizability(iso=1.0)}
{'elname':'C', 'pos':Position([ -.37116300551119738340, -6.09637565639638291294, .15819842578251670706]), 'crg':0., 'pol':Polarizability(iso=1.0)}
{'elname':'C', 'pos':Position([ -2.73941696656620882381, -5.04539311217490095945, .44940333786111722122]), 'crg':0., 'pol':Polarizability(iso=1.0)}
{'elname':'C', 'pos':Position([ -2.73550523340763736608, -2.37091091604097833391, .50896939626272636084]), 'crg':0., 'pol':Polarizability(iso=1.0)}
{'elname':'S', 'pos':Position([ 1.91645445041849875618, -3.70443208815496963965, -.09681256108539823711]), 'crg':0., 'pol':Polarizability(iso=1.0)}
{'elname':'H', 'pos':Position([ -4.43602823402066453354, -6.17586698746658019279, .66538392054684139830]), 'crg':0., 'pol':Polarizability(iso=1.0)}
{'elname':'H', 'pos':Position([ -4.42941608217436427722, -1.24688856587169666417, .77416978660456270602]), 'crg':0., 'pol':Polarizability(iso=1.0)}
{'elname':'C', 'pos':Position([ -.36189578840509379466, -1.31501697352040110571, .26623407055330426178]), 'crg':0., 'pol':Polarizability(iso=1.0)}
{'elname':'C', 'pos':Position([ .36189578840509379466, 1.31501697352040110571, .26623407055330426178]), 'crg':0., 'pol':Polarizability(iso=1.0)}
{'elname':'C', 'pos':Position([ 2.73550523340763736608, 2.37091091604097833391, .50896939626272636084]), 'crg':0., 'pol':Polarizability(iso=1.0)}
{'elname':'C', 'pos':Position([ 2.73941696656620882381, 5.04539311217490095945, .44940333786111722122]), 'crg':0., 'pol':Polarizability(iso=1.0)}
{'elname':'S', 'pos':Position([ -1.91645445041849875618, 3.70443208815496963965, -.09681256108539823711]), 'crg':0., 'pol':Polarizability(iso=1.0)}
{'elname':'H', 'pos':Position([ 4.42941608217436427722, 1.24688856587169666417, .77416978660456270602]), 'crg':0., 'pol':Polarizability(iso=1.0)}
{'elname':'H', 'pos':Position([ 4.43602823402066453354, 6.17586698746658019279, .66538392054684139830]), 'crg':0., 'pol':Polarizability(iso=1.0)}
{'elname':'C', 'pos':Position([ .37116300551119738340, 6.09637565639638291294, .15819842578251670706]), 'crg':0., 'pol':Polarizability(iso=1.0)}
{'elname':'C', 'pos':Position([ -.34604476534514336596, 8.73222996002095328370, .03844269934532326789]), 'crg':0., 'pol':Polarizability(iso=1.0)}
{'elname':'C', 'pos':Position([ -2.70157520014089798275, 9.80950426435606069195, .33197008487894036250]), 'crg':0., 'pol':Polarizability(iso=1.0)}
{'elname':'C', 'pos':Position([ -2.69721560188156254653, 12.48844810396215105261, .09280634161864872485]), 'crg':0., 'pol':Polarizability(iso=1.0)}
{'elname':'S', 'pos':Position([ 1.91656216480982173835, 11.08654341116737455808, -.56780602036520091946]), 'crg':0., 'pol':Polarizability(iso=1.0)}
{'elname':'H', 'pos':Position([ -4.38177230613866205875, 8.70974977757923054885, .74511713656597449776]), 'crg':0., 'pol':Polarizability(iso=1.0)}
{'elname':'H', 'pos':Position([ -4.37618249614684835249, 13.64883067524451166830, .28061866611033128411]), 'crg':0., 'pol':Polarizability(iso=1.0)}
{'elname':'C', 'pos':Position([ -.34604476534514336596, 13.45273190152561372636, -.37939465267966949445]), 'crg':0., 'pol':Polarizability(iso=1.0)}
{'elname':'H', 'pos':Position([ .20078529460452944684, 15.40603223268122662881, -.63117042835556785137]), 'crg':0., 'pol':Polarizability(iso=1.0)}
{'elname':'single', 'pos':Position([ .07262973537030695956, -14.42938206710342017758, -.50528254051761867291]), 'crg':'0.0', 'pol':Polarizability(noniso =[ [0.0725027892898,-0.255411017476,-0.0329218738233], [-0.255411017476,0.913339063919,0.117598339505], [-0.0329218738233, 0.117598339505, 0.0161581467912 ]])}
{'elname':'pi', 'pos':Position([ 1.52163018361335295624, -12.97059000274388238948, -.14329415553051038480]), 'crg':'0.0', 'pol':Polarizability(noniso =[ [0.827616374033,-0.339019506322,-0.166014764923], [-0.339019506322,0.140041796506,0.0680875015478], [-0.166014764923, 0.0680875015478, 0.0343418294608 ]])}
{'elname':'single', 'pos':Position([ -.78525869973233918619, -12.26963765634649414222, -.47360033652243520695]), 'crg':'0.0', 'pol':Polarizability(noniso =[ [0.47658079213,0.497352757819,-0.0396024719521], [0.497352757819,0.521121438468,-0.0414154628778], [-0.0396024719521, -0.0414154628778, 0.00429776940253 ]])}
{'elname':'pi', 'pos':Position([ 2.69939540101123026464, -11.14897618415910587228, .21238821324879454367]), 'crg':'0.0', 'pol':Polarizability(noniso =[ [0.00100262471663,-0.00161287073263,-0.000143989655963], [-0.00161287073263,0.992098228834,0.0884806761688], [-0.000143989655963, 0.0884806761688, 0.00889914644939 ]])}
{'elname':'single', 'pos':Position([ 3.53669904901420544951, -13.06863938960333136045, .18671250386449000448]), 'crg':'0.0', 'pol':Polarizability(noniso =[ [0.671392298193,0.463327503003,-0.0749913153588], [0.463327503003,0.321219035359,-0.051828666567], [-0.0749913153588, -0.051828666567, 0.0093886664486 ]])}
{'elname':'single', 'pos':Position([ 3.54167375313978002075, -9.25962702096764562040, .53854361072245743013]), 'crg':'0.0', 'pol':Polarizability(noniso =[ [0.67197228529,-0.439177509958,-0.164986727118], [-0.439177509958,0.288458795961,0.107990242787], [-0.164986727118, 0.107990242787, 0.0415689187494 ]])}
{'elname':'pi', 'pos':Position([ 1.52380998274302067435, -9.27086711218850698782, .18520639211213181519]), 'crg':'0.0', 'pol':Polarizability(noniso =[ [0.816718973741,0.373059535546,-0.101648382103], [0.373059535546,0.171614416903,-0.0464876991185], [-0.101648382103, -0.0464876991185, 0.0136666093555 ]])}
{'elname':'single', 'pos':Position([ -.78525869973233918619, -9.90938668559416392089, -.26468166050993882578]), 'crg':'0.0', 'pol':Polarizability(noniso =[ [0.464680944044,-0.482474560232,-0.124239864616], [-0.482474560232,0.503029907118,0.129275474469], [-0.124239864616, 0.129275474469, 0.0342891488382 ]])}
{'elname':'pi', 'pos':Position([ -.01255912008302700872, -7.41430280820866809832, .09832056256391998747]), 'crg':'0.0', 'pol':Polarizability(noniso =[ [0.0697321074146,0.252601586998,0.0114765396967], [0.252601586998,0.929351598027,0.042178135513], [0.0114765396967, 0.042178135513, 0.00291629455816 ]])}
{'elname':'pi', 'pos':Position([ -1.55528998603870310360, -5.57088438428564193619, .30380088182181696414]), 'crg':'0.0', 'pol':Polarizability(noniso =[ [0.825216719357,0.365770478565,0.101347220881], [0.365770478565,0.163321437855,0.0449758183891], [0.101347220881, 0.0449758183891, 0.0134618427886 ]])}
{'elname':'single', 'pos':Position([ .77264572245365068639, -4.90040387227567627629, .03069293234855923497]), 'crg':'0.0', 'pol':Polarizability(noniso =[ [0.475423006938,-0.49605892678,0.052886062256], [-0.49605892678,0.519681546298,-0.0552979153638], [0.052886062256, -0.0552979153638, 0.00689544676383 ]])}
{'elname':'pi', 'pos':Position([ -2.73746109998692309494, -3.70815201410793964668, .47918636706192179103]), 'crg':'0.0', 'pol':Polarizability(noniso =[ [0.00100213603422,-0.00146042310462,-3.2526538433e-05], [-0.00146042310462,0.999502564923,0.0222386457395], [-3.2526538433e-05, 0.0222386457395, 0.00149529904249 ]])}
{'elname':'single', 'pos':Position([ -3.58772260029343667867, -5.61063004982074057612, .55739362920397930976]), 'crg':'0.0', 'pol':Polarizability(noniso =[ [0.685162981537,-0.45586658058,0.0870947412874], [-0.45586658058,0.304749756854,-0.0580323445856], [0.0870947412874, -0.0580323445856, 0.0120872616096 ]])}
{'elname':'single', 'pos':Position([ -3.58246065779100082165, -1.80889974095633749904, .64156959143364453343]), 'crg':'0.0', 'pol':Polarizability(noniso =[ [0.682989592847,0.452545389564,0.106772978261], [0.452545389564,0.301293922025,0.0708509624619], [0.106772978261, 0.0708509624619, 0.0177164851288 ]])}
{'elname':'pi', 'pos':Position([ -1.54870051090636558037, -1.84296394478068971981, .38760173340801531131]), 'crg':'0.0', 'pol':Polarizability(noniso =[ [0.827749158537,-0.367777197011,0.0845468603522], [-0.367777197011,0.164604722478,-0.0376104493067], [0.0845468603522, -0.0376104493067, 0.00964611898496 ]])}
{'elname':'single', 'pos':Position([ .77727933100670248076, -2.50972453083768537268, .08471075473395301233]), 'crg':'0.0', 'pol':Polarizability(noniso =[ [0.471059365541,0.492973790272,0.0749022105654], [0.492973790272,0.518005245955,0.0785535388698], [0.0749022105654, 0.0785535388698, 0.0129353885038 ]])}
{'elname':'pi', 'pos':Position([ 0, 0, .26623407055330426178]), 'crg':'0.0', 'pol':Polarizability(noniso =[ [0.0713337846417,-0.255571143901,0.0], [-0.255571143901,0.929666215358,0.0], [0.0, 0.0, 0.001 ]])}
{'elname':'pi', 'pos':Position([ 1.54870051090636558037, 1.84296394478068971981, .38760173340801531131]), 'crg':'0.0', 'pol':Polarizability(noniso =[ [0.827749158537,-0.367777197011,-0.0845468603522], [-0.367777197011,0.164604722478,0.0376104493067], [-0.0845468603522, 0.0376104493067, 0.00964611898496 ]])}
{'elname':'single', 'pos':Position([ -.77727933100670248076, 2.50972453083768537268, .08471075473395301233]), 'crg':'0.0', 'pol':Polarizability(noniso =[ [0.471059365541,0.492973790272,-0.0749022105654], [0.492973790272,0.518005245955,-0.0785535388698], [-0.0749022105654, -0.0785535388698, 0.0129353885038 ]])}
{'elname':'pi', 'pos':Position([ 2.73746109998692309494, 3.70815201410793964668, .47918636706192179103]), 'crg':'0.0', 'pol':Polarizability(noniso =[ [0.00100213603422,-0.00146042310462,3.2526538433e-05], [-0.00146042310462,0.999502564923,-0.0222386457395], [3.2526538433e-05, -0.0222386457395, 0.00149529904249 ]])}
{'elname':'single', 'pos':Position([ 3.58246065779100082165, 1.80889974095633749904, .64156959143364453343]), 'crg':'0.0', 'pol':Polarizability(noniso =[ [0.682989592847,0.452545389564,-0.106772978261], [0.452545389564,0.301293922025,-0.0708509624619], [-0.106772978261, -0.0708509624619, 0.0177164851288 ]])}
{'elname':'single', 'pos':Position([ 3.58772260029343667867, 5.61063004982074057612, .55739362920397930976]), 'crg':'0.0', 'pol':Polarizability(noniso =[ [0.685162981537,-0.45586658058,-0.0870947412874], [-0.45586658058,0.304749756854,0.0580323445856], [-0.0870947412874, 0.0580323445856, 0.0120872616096 ]])}
{'elname':'pi', 'pos':Position([ 1.55528998603870310360, 5.57088438428564193619, .30380088182181696414]), 'crg':'0.0', 'pol':Polarizability(noniso =[ [0.825216719357,0.365770478565,-0.101347220881], [0.365770478565,0.163321437855,-0.0449758183891], [-0.101347220881, -0.0449758183891, 0.0134618427886 ]])}
{'elname':'single', 'pos':Position([ -.77264572245365068639, 4.90040387227567627629, .03069293234855923497]), 'crg':'0.0', 'pol':Polarizability(noniso =[ [0.475423006938,-0.49605892678,-0.052886062256], [-0.49605892678,0.519681546298,0.0552979153638], [-0.052886062256, 0.0552979153638, 0.00689544676383 ]])}
{'elname':'pi', 'pos':Position([ .01255912008302700872, 7.41430280820866809832, .09832056256391998747]), 'crg':'0.0', 'pol':Polarizability(noniso =[ [0.0697321074146,0.252601586998,-0.0114765396967], [0.252601586998,0.929351598027,-0.042178135513], [-0.0114765396967, -0.042178135513, 0.00291629455816 ]])}
{'elname':'pi', 'pos':Position([ -1.52380998274302067435, 9.27086711218850698782, .18520639211213181519]), 'crg':'0.0', 'pol':Polarizability(noniso =[ [0.816718973741,0.373059535546,0.101648382103], [0.373059535546,0.171614416903,0.0464876991185], [0.101648382103, 0.0464876991185, 0.0136666093555 ]])}
{'elname':'single', 'pos':Position([ .78525869973233918619, 9.90938668559416392089, -.26468166050993882578]), 'crg':'0.0', 'pol':Polarizability(noniso =[ [0.464680944044,-0.482474560232,0.124239864616], [-0.482474560232,0.503029907118,-0.129275474469], [0.124239864616, -0.129275474469, 0.0342891488382 ]])}
{'elname':'pi', 'pos':Position([ -2.69939540101123026464, 11.14897618415910587228, .21238821324879454367]), 'crg':'0.0', 'pol':Polarizability(noniso =[ [0.00100262471663,-0.00161287073263,0.000143989655963], [-0.00161287073263,0.992098228834,-0.0884806761688], [0.000143989655963, -0.0884806761688, 0.00889914644939 ]])}
{'elname':'single', 'pos':Position([ -3.54167375313978002075, 9.25962702096764562040, .53854361072245743013]), 'crg':'0.0', 'pol':Polarizability(noniso =[ [0.67197228529,-0.439177509958,0.164986727118], [-0.439177509958,0.288458795961,-0.107990242787], [0.164986727118, -0.107990242787, 0.0415689187494 ]])}
{'elname':'single', 'pos':Position([ -3.53669904901420544951, 13.06863938960333136045, .18671250386449000448]), 'crg':'0.0', 'pol':Polarizability(noniso =[ [0.671392298193,0.463327503003,0.0749913153588], [0.463327503003,0.321219035359,0.051828666567], [0.0749913153588, 0.051828666567, 0.0093886664486 ]])}
{'elname':'pi', 'pos':Position([ -1.52163018361335295624, 12.97059000274388238948, -.14329415553051038480]), 'crg':'0.0', 'pol':Polarizability(noniso =[ [0.827616374033,-0.339019506322,0.166014764923], [-0.339019506322,0.140041796506,-0.0680875015478], [0.166014764923, -0.0680875015478, 0.0343418294608 ]])}
{'elname':'single', 'pos':Position([ .78525869973233918619, 12.26963765634649414222, -.47360033652243520695]), 'crg':'0.0', 'pol':Polarizability(noniso =[ [0.47658079213,0.497352757819,0.0396024719521], [0.497352757819,0.521121438468,0.0414154628778], [0.0396024719521, 0.0414154628778, 0.00429776940253 ]])}
{'elname':'single', 'pos':Position([ -.07262973537030695956, 14.42938206710342017758, -.50528254051761867291]), 'crg':'0.0', 'pol':Polarizability(noniso =[ [0.0725027892898,-0.255411017476,0.0329218738233], [-0.255411017476,0.913339063919,-0.117598339505], [0.0329218738233, -0.117598339505, 0.0161581467912 ]])}
