{'elname':'H', 'pos':Position([ .26825796727447818991, .85726671519483454691, 19.09278593257608226507]), 'crg':0.2619760, 'pol':Polarizability(iso=1.0)}
{'elname':'C', 'pos':Position([ -.28255752515414496316, .58405388591949917721, 17.14348804143489175270]), 'crg':-0.1725590, 'pol':Polarizability(iso=1.0)}
{'elname':'C', 'pos':Position([ -2.64490231249570087297, .16025822730079829592, 16.18376415310410199078]), 'crg':-0.6053440, 'pol':Polarizability(iso=1.0)}
{'elname':'C', 'pos':Position([ -2.65227035480742556557, -.12924215177827011443, 13.50994336112742574698]), 'crg':0.5269210, 'pol':Polarizability(iso=1.0)}
{'elname':'S', 'pos':Position([ 1.98782940761620115152, .66375119714152461595, 14.77880566282901077370]), 'crg':-0.0595800, 'pol':Polarizability(iso=1.0)}
{'elname':'H', 'pos':Position([ -4.33004672158966788440, .04189711877231294167, 17.34431868946734666572]), 'crg':0.2458730, 'pol':Polarizability(iso=1.0)}
{'elname':'H', 'pos':Position([ -4.34196711422941124447, -.51550217961015705136, 12.41497933017522296879]), 'crg':0.2486030, 'pol':Polarizability(iso=1.0)}
{'elname':'C', 'pos':Position([ -.28772970566381166837, .07730680762512065901, 12.43187348207745911955]), 'crg':-0.3462550, 'pol':Polarizability(iso=1.0)}
{'elname':'C', 'pos':Position([ .42942326313378580936, -.11279397525063438107, 9.80042790959247677337]), 'crg':-0.1162870, 'pol':Polarizability(iso=1.0)}
{'elname':'C', 'pos':Position([ 2.79093279151104771709, -.48683503370893530560, 8.75969524008215017578]), 'crg':-0.0799430, 'pol':Polarizability(iso=1.0)}
{'elname':'C', 'pos':Position([ 2.78945313592497938308, -.59786211499664006688, 6.08748827424915510343]), 'crg':0.0024930, 'pol':Polarizability(iso=1.0)}
{'elname':'S', 'pos':Position([ -1.84771188176663696017, .15488384609163055399, 7.39992955100862244253]), 'crg':-0.2740990, 'pol':Polarizability(iso=1.0)}
{'elname':'H', 'pos':Position([ 4.47958453236458411284, -.72495186867461409902, 9.89755416522102615154]), 'crg':0.2549250, 'pol':Polarizability(iso=1.0)}
{'elname':'H', 'pos':Position([ 4.47801228019650128539, -.92750783669440028784, 4.97249881514169544719]), 'crg':0.2535510, 'pol':Polarizability(iso=1.0)}
{'elname':'C', 'pos':Position([ .42415092713745036634, -.31309549995729218870, 5.02184523445076620837]), 'crg':-0.1780970, 'pol':Polarizability(iso=1.0)}
{'elname':'C', 'pos':Position([ -.29462909588697321048, -.34484100977895495119, 2.39221568880896607034]), 'crg':-0.0086100, 'pol':Polarizability(iso=1.0)}
{'elname':'C', 'pos':Position([ -2.67638704010679220495, -.50814736538157728639, 1.33631796683606171996]), 'crg':-0.0642260, 'pol':Polarizability(iso=1.0)}
{'elname':'C', 'pos':Position([ -2.67638704010679220495, -.50814736538157728639, -1.33631796683606171996]), 'crg':-0.0642260, 'pol':Polarizability(iso=1.0)}
{'elname':'S', 'pos':Position([ 2.00161495997937930810, -.14153671019839857045, 0]), 'crg':-0.2864810, 'pol':Polarizability(iso=1.0)}
{'elname':'H', 'pos':Position([ -4.38154553899903472787, -.66989091744693459960, 2.46293680075407632830]), 'crg':0.2538990, 'pol':Polarizability(iso=1.0)}
{'elname':'H', 'pos':Position([ -4.38154553899903472787, -.66989091744693459960, -2.46293680075407632830]), 'crg':0.2538990, 'pol':Polarizability(iso=1.0)}
{'elname':'C', 'pos':Position([ -.29462909588697321048, -.34484100977895495119, -2.39221568880896607034]), 'crg':-0.0086100, 'pol':Polarizability(iso=1.0)}
{'elname':'C', 'pos':Position([ .42415092713745036634, -.31309549995729218870, -5.02184523445076620837]), 'crg':-0.1780970, 'pol':Polarizability(iso=1.0)}
{'elname':'C', 'pos':Position([ 2.78945313592497938308, -.59786211499664006688, -6.08748827424915510343]), 'crg':0.0024930, 'pol':Polarizability(iso=1.0)}
{'elname':'C', 'pos':Position([ 2.79093279151104771709, -.48683503370893530560, -8.75969524008215017578]), 'crg':-0.0799430, 'pol':Polarizability(iso=1.0)}
{'elname':'S', 'pos':Position([ -1.84771188176663696017, .15488384609163055399, -7.39992955100862244253]), 'crg':-0.2740990, 'pol':Polarizability(iso=1.0)}
{'elname':'H', 'pos':Position([ 4.47801228019650128539, -.92750783669440028784, -4.97249881514169544719]), 'crg':0.2535510, 'pol':Polarizability(iso=1.0)}
{'elname':'H', 'pos':Position([ 4.47958453236458411284, -.72495186867461409902, -9.89755416522102615154]), 'crg':0.2549250, 'pol':Polarizability(iso=1.0)}
{'elname':'C', 'pos':Position([ .42942326313378580936, -.11279397525063438107, -9.80042790959247677337]), 'crg':-0.1162870, 'pol':Polarizability(iso=1.0)}
{'elname':'C', 'pos':Position([ -.28772970566381166837, .07730680762512065901, -12.43187348207745911955]), 'crg':-0.3462550, 'pol':Polarizability(iso=1.0)}
{'elname':'C', 'pos':Position([ -2.65227035480742556557, -.12924215177827011443, -13.50994336112742574698]), 'crg':0.5269210, 'pol':Polarizability(iso=1.0)}
{'elname':'C', 'pos':Position([ -2.64490231249570087297, .16025822730079829592, -16.18376415310410199078]), 'crg':-0.6053440, 'pol':Polarizability(iso=1.0)}
{'elname':'S', 'pos':Position([ 1.98782940761620115152, .66375119714152461595, -14.77880566282901077370]), 'crg':-0.0595800, 'pol':Polarizability(iso=1.0)}
{'elname':'H', 'pos':Position([ -4.34196711422941124447, -.51550217961015705136, -12.41497933017522296879]), 'crg':0.2486030, 'pol':Polarizability(iso=1.0)}
{'elname':'H', 'pos':Position([ -4.33004672158966788440, .04189711877231294167, -17.34431868946734666572]), 'crg':0.2458730, 'pol':Polarizability(iso=1.0)}
{'elname':'C', 'pos':Position([ -.28255752515414496316, .58405388591949917721, -17.14348804143489175270]), 'crg':-0.1725590, 'pol':Polarizability(iso=1.0)}
{'elname':'H', 'pos':Position([ .26825796727447818991, .85726671519483454691, -19.09278593257608226507]), 'crg':0.2619760, 'pol':Polarizability(iso=1.0)}
{'elname':'single', 'pos':Position([ -.00714977893983338662, .72066030055716686206, 18.11813698700548700888]), 'crg':'0.0', 'pol':Polarizability(noniso =[ [0.073548693071,-0.0359852508991,-0.256744801757], [-0.0359852508991,0.018849229634,0.127349311437], [-0.256744801757, 0.127349311437, 0.909602077295 ]])}
{'elname':'pi', 'pos':Position([ -1.46372991882492291806, .37215605661014873656, 16.66362609726949687174]), 'crg':'0.0', 'pol':Polarizability(noniso =[ [0.835426559885,-0.149692947198,-0.338993320056], [-0.149692947198,0.0278543446699,0.0608141106711], [-0.338993320056, 0.0608141106711, 0.138719095445 ]])}
{'elname':'single', 'pos':Position([ .85263594123102809418, .62390254153051189658, 15.96114685213195126320]), 'crg':'0.0', 'pol':Polarizability(noniso =[ [0.479901783545,-0.0168108721633,0.498791898547], [-0.0168108721633,0.00159011144372,-0.0175090741581], [0.498791898547, -0.0175090741581, 0.520508105011 ]])}
{'elname':'pi', 'pos':Position([ -2.64858633365156321927, .01550803776126409074, 14.84685375711576386888]), 'crg':'0.0', 'pol':Polarizability(noniso =[ [0.00100749791123,-0.000294603105218,-0.00272094948759], [-0.000294603105218,0.0125753557092,0.106909797038], [-0.00272094948759, 0.106909797038, 0.98841714638 ]])}
{'elname':'single', 'pos':Position([ -3.48747451704268437868, .10107767303655561879, 16.76404142128572432825]), 'crg':'0.0', 'pol':Polarizability(noniso =[ [0.676347963934,-0.0474350644504,0.465110372106], [-0.0474350644504,0.0043317422419,-0.0326684045198], [0.465110372106, -0.0326684045198, 0.321320293825 ]])}
{'elname':'single', 'pos':Position([ -3.49711873451841840502, -.32237216569421358289, 12.96246134565132435788]), 'crg':'0.0', 'pol':Polarizability(noniso =[ [0.67958006498,-0.155121534869,-0.439736159244], [-0.155121534869,0.0364603558549,0.100522475504], [-0.439736159244, 0.100522475504, 0.285959579165 ]])}
{'elname':'pi', 'pos':Position([ -1.47000003023561861697, -.02596767207657472771, 12.97090842160244243326]), 'crg':'0.0', 'pol':Polarizability(noniso =[ [0.822880935376,-0.07179350121,0.374721864441], [-0.07179350121,0.00727135463804,-0.0327329585956], [0.374721864441, -0.0327329585956, 0.171847709986 ]])}
{'elname':'single', 'pos':Position([ .85004985097619474157, .37052900238332263748, 13.60533957245323494662]), 'crg':'0.0', 'pol':Polarizability(noniso =[ [0.469985323355,-0.120864279043,-0.483695080149], [-0.120864279043,0.032148467172,0.124655195435], [-0.483695080149, 0.124655195435, 0.499866209473 ]])}
{'elname':'pi', 'pos':Position([ .07084677873498707049, -.01774358381275686103, 11.11615069583496794646]), 'crg':'0.0', 'pol':Polarizability(noniso =[ [0.0697354298255,0.018220183963,0.252210546922], [0.018220183963,0.00582975234882,0.0668552240672], [0.252210546922, 0.0668552240672, 0.926434817826 ]])}
{'elname':'pi', 'pos':Position([ 1.61017802732241676322, -.29981450447978484333, 9.28006157483731347457]), 'crg':'0.0', 'pol':Polarizability(noniso =[ [0.820315945102,0.129771995258,0.361077887035], [0.129771995258,0.0215546722896,0.0571913657046], [0.361077887035, 0.0571913657046, 0.160129382608 ]])}
{'elname':'single', 'pos':Position([ -.70914430931642557540, .02104493542049808646, 8.60017873030054960795]), 'crg':'0.0', 'pol':Polarizability(noniso =[ [0.47109498208,0.0552597859239,-0.495562257422], [0.0552597859239,0.00749580203313,-0.0582534706836], [-0.495562257422, -0.0582534706836, 0.523409215887 ]])}
{'elname':'pi', 'pos':Position([ 2.79019296371801355008, -.54234857435278768624, 7.42359175716565263960]), 'crg':'0.0', 'pol':Polarizability(noniso =[ [0.00100030577176,-2.29438161687e-05,-0.000552213249936], [-2.29438161687e-05,0.00272160668117,0.0414357408346], [-0.000552213249936, 0.0414357408346, 0.998278087547 ]])}
{'elname':'single', 'pos':Position([ 3.63525866193781591496, -.60589345119177470231, 9.32862470265158816366]), 'crg':'0.0', 'pol':Polarizability(noniso =[ [0.678781428992,0.0955739805702,-0.456707342085], [0.0955739805702,0.0144768899992,-0.0644003166384], [-0.456707342085, -0.0644003166384, 0.308741681008 ]])}
{'elname':'single', 'pos':Position([ 3.63373270806074033423, -.76268497584552017736, 5.52999354469542527531]), 'crg':'0.0', 'pol':Polarizability(noniso =[ [0.67868573224,0.132299897843,0.447489476811], [0.132299897843,0.0268279939159,0.0873602752004], [0.447489476811, 0.0873602752004, 0.296486273844 ]])}
{'elname':'pi', 'pos':Position([ 1.60680203153121487471, -.45547880747696612779, 5.55466675434996065590]), 'crg':'0.0', 'pol':Polarizability(noniso =[ [0.821551980761,0.0987889873678,-0.369684475769], [0.0987889873678,0.0128935353932,-0.0445075459728], [-0.369684475769, -0.0445075459728, 0.167554483846 ]])}
{'elname':'single', 'pos':Position([ -.71178047731459329691, -.07910582693283081735, 6.21088739272969432545]), 'crg':'0.0', 'pol':Polarizability(noniso =[ [0.468231120795,0.0962445943066,0.489076627433], [0.0962445943066,0.0208253530661,0.100744534123], [0.489076627433, 0.100744534123, 0.512943526139 ]])}
{'elname':'pi', 'pos':Position([ .06476091562523857793, -.32896825486812356994, 3.70703046162986613935]), 'crg':'0.0', 'pol':Polarizability(noniso =[ [0.0704410833093,-0.00306692245417,-0.254047578539], [-0.00306692245417,0.00113545314807,0.0112202198744], [-0.254047578539, 0.0112202198744, 0.930423463543 ]])}
{'elname':'pi', 'pos':Position([ -1.48550806799688270771, -.42649418758026611879, 1.86426682782251389515]), 'crg':'0.0', 'pol':Polarizability(noniso =[ [0.832640571109,-0.0570218275827,-0.368688760613], [-0.0570218275827,0.00490972847385,0.0252793185779], [-0.368688760613, 0.0252793185779, 0.164449700417 ]])}
{'elname':'single', 'pos':Position([ .85349293204620304881, -.24318885998867676082, 1.19610784440448303517]), 'crg':'0.0', 'pol':Polarizability(noniso =[ [0.478265202457,-0.0422559908002,0.497212525003], [-0.0422559908002,0.0047412506701,-0.0440220820083], [0.497212525003, -0.0440220820083, 0.518993546873 ]])}
{'elname':'pi', 'pos':Position([ -2.67638704010679220495, -.50814736538157728639, 0]), 'crg':'0.0', 'pol':Polarizability(noniso =[ [0.001,0.0,-2.2182256032e-16], [0.0,0.001,0.0], [-2.2182256032e-16, 0.0, 1.0 ]])}
{'elname':'single', 'pos':Position([ -3.52896628955291346641, -.58901914141425594299, 1.89962738379506902413]), 'crg':'0.0', 'pol':Polarizability(noniso =[ [0.692092165962,-0.0655538483958,0.45661294868], [-0.0655538483958,0.00721813884046,-0.0433122201171], [0.45661294868, -0.0433122201171, 0.302689695197 ]])}
{'elname':'single', 'pos':Position([ -3.52896628955291346641, -.58901914141425594299, -1.89962738379506902413]), 'crg':'0.0', 'pol':Polarizability(noniso =[ [0.692092165962,-0.0655538483958,-0.45661294868], [-0.0655538483958,0.00721813884046,0.0433122201171], [-0.45661294868, 0.0433122201171, 0.302689695197 ]])}
{'elname':'pi', 'pos':Position([ -1.48550806799688270771, -.42649418758026611879, -1.86426682782251389515]), 'crg':'0.0', 'pol':Polarizability(noniso =[ [0.832640571109,-0.0570218275827,0.368688760613], [-0.0570218275827,0.00490972847385,-0.0252793185779], [0.368688760613, -0.0252793185779, 0.164449700417 ]])}
{'elname':'single', 'pos':Position([ .85349293204620304881, -.24318885998867676082, -1.19610784440448303517]), 'crg':'0.0', 'pol':Polarizability(noniso =[ [0.478265202457,-0.0422559908002,-0.497212525003], [-0.0422559908002,0.0047412506701,0.0440220820083], [-0.497212525003, 0.0440220820083, 0.518993546873 ]])}
{'elname':'pi', 'pos':Position([ .06476091562523857793, -.32896825486812356994, -3.70703046162986613935]), 'crg':'0.0', 'pol':Polarizability(noniso =[ [0.0704410833093,-0.00306692245417,0.254047578539], [-0.00306692245417,0.00113545314807,-0.0112202198744], [0.254047578539, -0.0112202198744, 0.930423463543 ]])}
{'elname':'pi', 'pos':Position([ 1.60680203153121487471, -.45547880747696612779, -5.55466675434996065590]), 'crg':'0.0', 'pol':Polarizability(noniso =[ [0.821551980761,0.0987889873678,0.369684475769], [0.0987889873678,0.0128935353932,0.0445075459728], [0.369684475769, 0.0445075459728, 0.167554483846 ]])}
{'elname':'single', 'pos':Position([ -.71178047731459329691, -.07910582693283081735, -6.21088739272969432545]), 'crg':'0.0', 'pol':Polarizability(noniso =[ [0.468231120795,0.0962445943066,-0.489076627433], [0.0962445943066,0.0208253530661,-0.100744534123], [-0.489076627433, -0.100744534123, 0.512943526139 ]])}
{'elname':'pi', 'pos':Position([ 2.79019296371801355008, -.54234857435278768624, -7.42359175716565263960]), 'crg':'0.0', 'pol':Polarizability(noniso =[ [0.00100030577176,-2.29438161687e-05,0.000552213249935], [-2.29438161687e-05,0.00272160668117,-0.0414357408346], [0.000552213249935, -0.0414357408346, 0.998278087547 ]])}
{'elname':'single', 'pos':Position([ 3.63373270806074033423, -.76268497584552017736, -5.52999354469542527531]), 'crg':'0.0', 'pol':Polarizability(noniso =[ [0.67868573224,0.132299897843,-0.447489476811], [0.132299897843,0.0268279939159,-0.0873602752004], [-0.447489476811, -0.0873602752004, 0.296486273844 ]])}
{'elname':'single', 'pos':Position([ 3.63525866193781591496, -.60589345119177470231, -9.32862470265158816366]), 'crg':'0.0', 'pol':Polarizability(noniso =[ [0.678781428992,0.0955739805702,0.456707342085], [0.0955739805702,0.0144768899992,0.0644003166384], [0.456707342085, 0.0644003166384, 0.308741681008 ]])}
{'elname':'pi', 'pos':Position([ 1.61017802732241676322, -.29981450447978484333, -9.28006157483731347457]), 'crg':'0.0', 'pol':Polarizability(noniso =[ [0.820315945102,0.129771995258,-0.361077887035], [0.129771995258,0.0215546722896,-0.0571913657046], [-0.361077887035, -0.0571913657046, 0.160129382608 ]])}
{'elname':'single', 'pos':Position([ -.70914430931642557540, .02104493542049808646, -8.60017873030054960795]), 'crg':'0.0', 'pol':Polarizability(noniso =[ [0.47109498208,0.0552597859239,0.495562257422], [0.0552597859239,0.00749580203313,0.0582534706836], [0.495562257422, 0.0582534706836, 0.523409215887 ]])}
{'elname':'pi', 'pos':Position([ .07084677873498707049, -.01774358381275686103, -11.11615069583496794646]), 'crg':'0.0', 'pol':Polarizability(noniso =[ [0.0697354298255,0.018220183963,-0.252210546922], [0.018220183963,0.00582975234882,-0.0668552240672], [-0.252210546922, -0.0668552240672, 0.926434817826 ]])}
{'elname':'pi', 'pos':Position([ -1.47000003023561861697, -.02596767207657472771, -12.97090842160244243326]), 'crg':'0.0', 'pol':Polarizability(noniso =[ [0.822880935376,-0.07179350121,-0.374721864441], [-0.07179350121,0.00727135463804,0.0327329585956], [-0.374721864441, 0.0327329585956, 0.171847709986 ]])}
{'elname':'single', 'pos':Position([ .85004985097619474157, .37052900238332263748, -13.60533957245323494662]), 'crg':'0.0', 'pol':Polarizability(noniso =[ [0.469985323355,-0.120864279043,0.483695080149], [-0.120864279043,0.032148467172,-0.124655195435], [0.483695080149, -0.124655195435, 0.499866209473 ]])}
{'elname':'pi', 'pos':Position([ -2.64858633365156321927, .01550803776126409074, -14.84685375711576386888]), 'crg':'0.0', 'pol':Polarizability(noniso =[ [0.00100749791123,-0.000294603105218,0.00272094948759], [-0.000294603105218,0.0125753557092,-0.106909797038], [0.00272094948759, -0.106909797038, 0.98841714638 ]])}
{'elname':'single', 'pos':Position([ -3.49711873451841840502, -.32237216569421358289, -12.96246134565132435788]), 'crg':'0.0', 'pol':Polarizability(noniso =[ [0.67958006498,-0.155121534869,0.439736159244], [-0.155121534869,0.0364603558549,-0.100522475504], [0.439736159244, -0.100522475504, 0.285959579165 ]])}
{'elname':'single', 'pos':Position([ -3.48747451704268437868, .10107767303655561879, -16.76404142128572432825]), 'crg':'0.0', 'pol':Polarizability(noniso =[ [0.676347963934,-0.0474350644504,-0.465110372106], [-0.0474350644504,0.0043317422419,0.0326684045198], [-0.465110372106, 0.0326684045198, 0.321320293825 ]])}
{'elname':'pi', 'pos':Position([ -1.46372991882492291806, .37215605661014873656, -16.66362609726949687174]), 'crg':'0.0', 'pol':Polarizability(noniso =[ [0.835426559885,-0.149692947198,0.338993320056], [-0.149692947198,0.0278543446699,-0.0608141106711], [0.338993320056, -0.0608141106711, 0.138719095445 ]])}
{'elname':'single', 'pos':Position([ .85263594123102809418, .62390254153051189658, -15.96114685213195126320]), 'crg':'0.0', 'pol':Polarizability(noniso =[ [0.479901783545,-0.0168108721633,-0.498791898547], [-0.0168108721633,0.00159011144372,0.0175090741581], [-0.498791898547, 0.0175090741581, 0.520508105011 ]])}
{'elname':'single', 'pos':Position([ -.00714977893983338662, .72066030055716686206, -18.11813698700548700888]), 'crg':'0.0', 'pol':Polarizability(noniso =[ [0.073548693071,-0.0359852508991,0.256744801757], [-0.0359852508991,0.018849229634,-0.127349311437], [0.256744801757, -0.127349311437, 0.909602077295 ]])}
