{'elname':'H', 'pos':Position([ .23629513894400590199, 1.44699544878350767946, 26.44492052945591760189]), 'crg':0.1796780, 'pol':Polarizability(iso=0.00057735)}
{'elname':'C', 'pos':Position([ -.31027035934276835812, 1.09357886167431249872, 24.50734649943346009616]), 'crg':-0.1593460, 'pol':Polarizability(iso=7.02210054)}
{'elname':'C', 'pos':Position([ -2.66618440854972587632, .60002963090624463790, 23.56515360072202657257]), 'crg':-0.1600720, 'pol':Polarizability(iso=7.02210054)}
{'elname':'C', 'pos':Position([ -2.66908135875846502834, .21145657825015892597, 20.90403932746913510257]), 'crg':-0.0529970, 'pol':Polarizability(iso=7.02210054)}
{'elname':'S', 'pos':Position([ 1.95901864252654876287, 1.11841553264199591365, 22.14054573779822713450]), 'crg':-0.0580870, 'pol':Polarizability(iso=8.89471598216)}
{'elname':'H', 'pos':Position([ -4.34947310655107589669, .50027287645801822149, 24.73011497849869571100]), 'crg':0.1169820, 'pol':Polarizability(iso=0.00057735)}
{'elname':'H', 'pos':Position([ -4.35284815747919600466, -.23993286180886100156, 19.82496222437399041379]), 'crg':0.1262600, 'pol':Polarizability(iso=0.00057735)}
{'elname':'C', 'pos':Position([ -.30763230161843707552, .41227399819946891135, 19.81804393688919326078]), 'crg':0.0060740, 'pol':Polarizability(iso=7.02210054)}
{'elname':'C', 'pos':Position([ .41213982764185607392, .13469212203398029998, 17.19524197187633934341]), 'crg':0.0838220, 'pol':Polarizability(iso=7.02210054)}
{'elname':'C', 'pos':Position([ 2.77885933105205590868, -.24445686624442625268, 16.16782053346213706864]), 'crg':-0.1454320, 'pol':Polarizability(iso=7.02210054)}
{'elname':'C', 'pos':Position([ 2.77886877968287371413, -.45475882180864935223, 13.50183832561191222902]), 'crg':-0.1442300, 'pol':Polarizability(iso=7.02210054)}
{'elname':'S', 'pos':Position([ -1.86869918053914643336, .28053929761146171830, 14.78792548129435659737]), 'crg':-0.1343810, 'pol':Polarizability(iso=8.89471598216)}
{'elname':'H', 'pos':Position([ 4.47062156117081385970, -.41634635808194306179, 17.31294734542606899919]), 'crg':0.1332820, 'pol':Polarizability(iso=0.00057735)}
{'elname':'H', 'pos':Position([ 4.47204830442430248317, -.80152735227443661593, 12.39909807149665556263]), 'crg':0.1569240, 'pol':Polarizability(iso=0.00057735)}
{'elname':'C', 'pos':Position([ .40952255690532396331, -.24332492027245315935, 12.42752900162743217205]), 'crg':0.0319910, 'pol':Polarizability(iso=7.02210054)}
{'elname':'C', 'pos':Position([ -.30863007703279733140, -.38294733786716434494, 9.80180740969187636957]), 'crg':0.1176120, 'pol':Polarizability(iso=7.02210054)}
{'elname':'C', 'pos':Position([ -2.68917670678177366674, -.61227505644612050556, 8.75414511433977125242]), 'crg':-0.1916350, 'pol':Polarizability(iso=7.02210054)}
{'elname':'C', 'pos':Position([ -2.69013101849437201753, -.71191842732453325653, 6.08431731374669959325]), 'crg':-0.1478470, 'pol':Polarizability(iso=7.02210054)}
{'elname':'S', 'pos':Position([ 1.98498914919236883221, -.24594597046131239214, 7.40248824023408415933]), 'crg':-0.1505990, 'pol':Polarizability(iso=8.89471598216)}
{'elname':'H', 'pos':Position([ -4.39209021099170561392, -.74924996768568260310, 9.88735720284245050618]), 'crg':0.1651130, 'pol':Polarizability(iso=0.00057735)}
{'elname':'H', 'pos':Position([ -4.39459031870609693690, -.93128539929535890813, 4.96639122018106600208]), 'crg':0.1580140, 'pol':Polarizability(iso=0.00057735)}
{'elname':'C', 'pos':Position([ -.31004359220314102724, -.56150756306205180419, 5.02038447612633348526]), 'crg':0.0660790, 'pol':Polarizability(iso=7.02210054)}
{'elname':'C', 'pos':Position([ .40566562580549577721, -.61862075690335864810, 2.39259174431551472739]), 'crg':0.0764090, 'pol':Polarizability(iso=7.02210054)}
{'elname':'C', 'pos':Position([ 2.78170525865437891126, -.85871424543612234238, 1.33560554007239918877]), 'crg':-0.1619800, 'pol':Polarizability(iso=7.02210054)}
{'elname':'C', 'pos':Position([ 2.78170525865437891126, -.85871424543612234238, -1.33560554007239918877]), 'crg':-0.1619800, 'pol':Polarizability(iso=7.02210054)}
{'elname':'S', 'pos':Position([ -1.88378486450285462034, -.34591626396602121179, 0]), 'crg':-0.1442930, 'pol':Polarizability(iso=8.89471598216)}
{'elname':'H', 'pos':Position([ 4.48170858457242677878, -1.07075474907082164537, 2.46164611778436410336]), 'crg':0.1605100, 'pol':Polarizability(iso=0.00057735)}
{'elname':'H', 'pos':Position([ 4.48170858457242677878, -1.07075474907082164537, -2.46164611778436410336]), 'crg':0.1605100, 'pol':Polarizability(iso=0.00057735)}
{'elname':'C', 'pos':Position([ .40566562580549577721, -.61862075690335864810, -2.39259174431551472739]), 'crg':0.0764090, 'pol':Polarizability(iso=7.02210054)}
{'elname':'C', 'pos':Position([ -.31004359220314102724, -.56150756306205180419, -5.02038447612633348526]), 'crg':0.0660790, 'pol':Polarizability(iso=7.02210054)}
{'elname':'C', 'pos':Position([ -2.69013101849437201753, -.71191842732453325653, -6.08431731374669959325]), 'crg':-0.1478470, 'pol':Polarizability(iso=7.02210054)}
{'elname':'C', 'pos':Position([ -2.68917670678177366674, -.61227505644612050556, -8.75414511433977125242]), 'crg':-0.1916350, 'pol':Polarizability(iso=7.02210054)}
{'elname':'S', 'pos':Position([ 1.98498914919236883221, -.24594597046131239214, -7.40248824023408415933]), 'crg':-0.1505990, 'pol':Polarizability(iso=8.89471598216)}
{'elname':'H', 'pos':Position([ -4.39459031870609693690, -.93128539929535890813, -4.96639122018106600208]), 'crg':0.1580140, 'pol':Polarizability(iso=0.00057735)}
{'elname':'H', 'pos':Position([ -4.39209021099170561392, -.74924996768568260310, -9.88735720284245050618]), 'crg':0.1651130, 'pol':Polarizability(iso=0.00057735)}
{'elname':'C', 'pos':Position([ -.30863007703279733140, -.38294733786716434494, -9.80180740969187636957]), 'crg':0.1176120, 'pol':Polarizability(iso=7.02210054)}
{'elname':'C', 'pos':Position([ .40952255690532396331, -.24332492027245315935, -12.42752900162743217205]), 'crg':0.0319910, 'pol':Polarizability(iso=7.02210054)}
{'elname':'C', 'pos':Position([ 2.77886877968287371413, -.45475882180864935223, -13.50183832561191222902]), 'crg':-0.1442300, 'pol':Polarizability(iso=7.02210054)}
{'elname':'C', 'pos':Position([ 2.77885933105205590868, -.24445686624442625268, -16.16782053346213706864]), 'crg':-0.1454320, 'pol':Polarizability(iso=7.02210054)}
{'elname':'S', 'pos':Position([ -1.86869918053914643336, .28053929761146171830, -14.78792548129435659737]), 'crg':-0.1343810, 'pol':Polarizability(iso=8.89471598216)}
{'elname':'H', 'pos':Position([ 4.47204830442430248317, -.80152735227443661593, -12.39909807149665556263]), 'crg':0.1569240, 'pol':Polarizability(iso=0.00057735)}
{'elname':'H', 'pos':Position([ 4.47062156117081385970, -.41634635808194306179, -17.31294734542606899919]), 'crg':0.1332820, 'pol':Polarizability(iso=0.00057735)}
{'elname':'C', 'pos':Position([ .41213982764185607392, .13469212203398029998, -17.19524197187633934341]), 'crg':0.0838220, 'pol':Polarizability(iso=7.02210054)}
{'elname':'C', 'pos':Position([ -.30763230161843707552, .41227399819946891135, -19.81804393688919326078]), 'crg':0.0060740, 'pol':Polarizability(iso=7.02210054)}
{'elname':'C', 'pos':Position([ -2.66908135875846502834, .21145657825015892597, -20.90403932746913510257]), 'crg':-0.0529970, 'pol':Polarizability(iso=7.02210054)}
{'elname':'C', 'pos':Position([ -2.66618440854972587632, .60002963090624463790, -23.56515360072202657257]), 'crg':-0.1600720, 'pol':Polarizability(iso=7.02210054)}
{'elname':'S', 'pos':Position([ 1.95901864252654876287, 1.11841553264199591365, -22.14054573779822713450]), 'crg':-0.0580870, 'pol':Polarizability(iso=8.89471598216)}
{'elname':'H', 'pos':Position([ -4.35284815747919600466, -.23993286180886100156, -19.82496222437399041379]), 'crg':0.1262600, 'pol':Polarizability(iso=0.00057735)}
{'elname':'H', 'pos':Position([ -4.34947310655107589669, .50027287645801822149, -24.73011497849869571100]), 'crg':0.1169820, 'pol':Polarizability(iso=0.00057735)}
{'elname':'C', 'pos':Position([ -.31027035934276835812, 1.09357886167431249872, -24.50734649943346009616]), 'crg':-0.1593460, 'pol':Polarizability(iso=7.02210054)}
{'elname':'H', 'pos':Position([ .23629513894400590199, 1.44699544878350767946, -26.44492052945591760189]), 'crg':0.1796780, 'pol':Polarizability(iso=0.00057735)}
{'elname':'single', 'pos':Position([ -.03698761019938122806, 1.27028715522891008909, 25.47613351444468884902]), 'crg':'0.0', 'pol':Polarizability(noniso =[ [0.0151600914543,-0.00966738370305,-0.0530005446391], [-0.00966738370305,0.00646035807463,0.0342708635287], [-0.0530005446391, 0.0342708635287, 0.188096164627 ]])}
{'elname':'pi', 'pos':Position([ -1.48822738394624711722, .84680424629027856831, 24.03625005007774333436]), 'crg':'0.0', 'pol':Polarizability(noniso =[ [17.300500831,-3.61998431213,-6.91060445384], [-3.61998431213,0.77918662998,1.44772833011], [-6.91060445384, 1.44772833011, 2.78455773898 ]])}
{'elname':'single', 'pos':Position([ .82437414159189020237, 1.10599719715815420618, 23.32394611861584361533]), 'crg':'0.0', 'pol':Polarizability(noniso =[ [0.100352054199,-0.00109603170112,0.104445908567], [-0.00109603170112,0.000221293748372,-0.001143128382], [0.104445908567, -0.001143128382, 0.109143266209 ]])}
{'elname':'pi', 'pos':Position([ -2.66763288365409545233, .40574310457820178193, 22.23459646409558083757]), 'crg':'0.0', 'pol':Polarizability(noniso =[ [0.0208467375101,-0.00323760689324,-0.022172515196], [-0.00323760689324,0.455088535953,2.97403865928], [-0.022172515196, 2.97403865928, 20.3883099265 ]])}
{'elname':'single', 'pos':Position([ -3.50782875755040088650, .55015125368213142969, 24.14763428961036114178]), 'crg':'0.0', 'pol':Polarizability(noniso =[ [0.141249182498,-0.00835844804288,0.0976101237653], [-0.00835844804288,0.000704644805615,-0.00578466971214], [0.0976101237653, -0.00578466971214, 0.0677627868531 ]])}
{'elname':'single', 'pos':Position([ -3.51096475811883051650, -.01423814177935103779, 20.36450077592156275818]), 'crg':'0.0', 'pol':Polarizability(noniso =[ [0.141239226427,-0.0378077418229,-0.0903819737465], [-0.0378077418229,0.0103449150313,0.0242298806176], [-0.0903819737465, 0.0242298806176, 0.0581324726979 ]])}
{'elname':'pi', 'pos':Position([ -1.48835683018845105193, .31186528822481391866, 20.36104163217916418167]), 'crg':'0.0', 'pol':Polarizability(noniso =[ [17.0892816331,-1.4515002537,7.8495311081], [-1.4515002537,0.144258053804,-0.667523434467], [7.8495311081, -0.667523434467, 3.63070551313 ]])}
{'elname':'single', 'pos':Position([ .82569317045405584367, .76534476542073241250, 20.97929483734371019764]), 'crg':'0.0', 'pol':Polarizability(noniso =[ [0.0975983923509,-0.0303401300883,-0.0997887864301], [-0.0303401300883,0.00966131623516,0.0310877186238], [-0.0997887864301, 0.0310877186238, 0.10245690557 ]])}
{'elname':'pi', 'pos':Position([ .05225376301170949920, .27348306011672460566, 18.50664295438276630209]), 'crg':'0.0', 'pol':Polarizability(noniso =[ [1.46268886947,0.556059241512,5.25406518411], [0.556059241512,0.235268201939,2.02624304556], [5.25406518411, 2.02624304556, 19.1662881286 ]])}
{'elname':'pi', 'pos':Position([ 1.59549957934695599130, -.05488237210522297635, 16.68153125266923820602]), 'crg':'0.0', 'pol':Polarizability(noniso =[ [17.1540733056,2.74475055519,7.43775046401], [2.74475055519,0.460532246443,1.19152927055], [7.43775046401, 1.19152927055, 3.24963964794 ]])}
{'elname':'single', 'pos':Position([ -.72827967644864517972, .20761570982272100914, 15.99158372658534797039]), 'crg':'0.0', 'pol':Polarizability(noniso =[ [0.0989260062811,0.00631239339157,-0.104190764383], [0.00631239339157,0.000612941038952,-0.00666242933063], [-0.104190764383, -0.00666242933063, 0.110177666836 ]])}
{'elname':'pi', 'pos':Position([ 2.77886405536746481140, -.34960784402653780245, 14.83482942953702464883]), 'crg':'0.0', 'pol':Polarizability(noniso =[ [0.0208226002597,5.77968372599e-06,7.32686195863e-05], [5.77968372599e-06,0.149463332565,1.63076897361], [7.32686195863e-05, 1.63076897361, 20.6939592672 ]])}
{'elname':'single', 'pos':Position([ 3.62474044611143488419, -.33040161216318465723, 16.74038393944410303391]), 'crg':'0.0', 'pol':Polarizability(noniso =[ [0.142592266037,0.0144666523365,-0.0963767551626], [0.0144666523365,0.00167916504461,-0.00979224572752], [-0.0963767551626, -0.00979224572752, 0.0654451830745 ]])}
{'elname':'single', 'pos':Position([ 3.62545854205358809865, -.62814308704154298408, 12.95046819855428389582]), 'crg':'0.0', 'pol':Polarizability(noniso =[ [0.142823449123,0.0292078299316,0.0928822744028], [0.0292078299316,0.00619115411518,0.0190225840381], [0.0928822744028, 0.0190225840381, 0.0607020109177 ]])}
{'elname':'pi', 'pos':Position([ 1.59419566829409883872, -.34904187104055125579, 12.96468366361967220053]), 'crg':'0.0', 'pol':Polarizability(noniso =[ [17.1620396543,1.52963478449,-7.77217323869], [1.52963478449,0.157322976054,-0.693567236174], [-7.77217323869, -0.693567236174, 3.54488256966 ]])}
{'elname':'single', 'pos':Position([ -.72958831181691123502, .01860718866950427947, 13.60772724146089438471]), 'crg':'0.0', 'pol':Polarizability(noniso =[ [0.0985431478705,0.0226113132439,0.101880720919], [0.0226113132439,0.00540864175765,0.0234268962078], [0.101880720919, 0.0234268962078, 0.105764824528 ]])}
{'elname':'pi', 'pos':Position([ .05044623993626331595, -.31313612906980875214, 11.11466820565965427081]), 'crg':'0.0', 'pol':Polarizability(noniso =[ [1.46481702613,-0.280739752584,-5.27955641203], [-0.280739752584,0.0754037031227,1.02644534774], [-5.27955641203, 1.02644534774, 19.3240244707 ]])}
{'elname':'pi', 'pos':Position([ -1.49890339190728549907, -.49761119715664242525, 9.27797626201582381099]), 'crg':'0.0', 'pol':Polarizability(noniso =[ [17.3129508654,-1.66582089799,-7.61014741894], [-1.66582089799,0.181297888038,0.733116387566], [-7.61014741894, 0.733116387566, 3.36999644657 ]])}
{'elname':'single', 'pos':Position([ .83817953607978575040, -.31444665416423836854, 8.60214782496298026445]), 'crg':'0.0', 'pol':Polarizability(noniso =[ [0.0998769063084,-0.00595329794315,0.104260724889], [-0.00595329794315,0.000564897565534,-0.00622765178856], [0.104260724889, -0.00622765178856, 0.109274810282 ]])}
{'elname':'pi', 'pos':Position([ -2.68965386263807284213, -.66209674188532688104, 7.41923121404323542283]), 'crg':'0.0', 'pol':Polarizability(noniso =[ [0.0208252540547,-0.000277120101943,-0.00742510962595], [-0.000277120101943,0.0497577799116,0.77528436726], [-0.00742510962595, 0.77528436726, 20.793662166 ]])}
{'elname':'single', 'pos':Position([ -3.54063345888673964033, -.68076251206590155433, 9.32075115859111087930]), 'crg':'0.0', 'pol':Polarizability(noniso =[ [0.144478054677,-0.0116043475427,0.0960043470408], [-0.0116043475427,0.00114270096003,-0.00772216961227], [0.0960043470408, -0.00772216961227, 0.0640958585196 ]])}
{'elname':'single', 'pos':Position([ -3.54236066860023447721, -.82160191330994608233, 5.52535426696388279766]), 'crg':'0.0', 'pol':Polarizability(noniso =[ [0.144732663289,-0.0186004165747,-0.0947904365604], [-0.0186004165747,0.00260320502481,0.0121996993636], [-0.0947904365604, 0.0121996993636, 0.0623807458422 ]])}
{'elname':'pi', 'pos':Position([ -1.50008730534875652238, -.63671299519329253036, 5.55235089493651653925]), 'crg':'0.0', 'pol':Polarizability(noniso =[ [17.3006964018,-1.09201062287,7.72434867922], [-1.09201062287,0.0898327799438,-0.488144237002], [7.72434867922, -0.488144237002, 3.47371601823 ]])}
{'elname':'single', 'pos':Position([ .83747277849461390248, -.40372676676168209816, 6.21143635818020882229]), 'crg':'0.0', 'pol':Polarizability(noniso =[ [0.0999547656471,-0.0137147667011,-0.10352970117], [-0.0137147667011,0.00209504611413,0.0142350898936], [-0.10352970117, 0.0142350898936, 0.107666802395 ]])}
{'elname':'pi', 'pos':Position([ .04781101680117737498, -.59006415998270522614, 3.70648811022092410632]), 'crg':'0.0', 'pol':Polarizability(noniso =[ [1.45671917343,0.114583740534,5.2720273602], [0.114583740534,0.0299663181743,0.420704823948], [5.2720273602, 0.420704823948, 19.3775597084 ]])}
{'elname':'pi', 'pos':Position([ 1.59368544222993734423, -.73866750116974049524, 1.86409864219395695808]), 'crg':'0.0', 'pol':Polarizability(noniso =[ [17.2393541128,1.73989408307,7.65969978564], [1.73989408307,0.196635004097,0.773995524831], [7.65969978564, 0.773995524831, 3.42825608307 ]])}
{'elname':'single', 'pos':Position([ -.73905961934867942156, -.48226851043468992994, 1.19629587215775736369]), 'crg':'0.0', 'pol':Polarizability(noniso =[ [0.0994766592611,0.0118240842192,-0.103739421313], [0.0118240842192,0.00161770623882,-0.0123567670088], [-0.103739421313, -0.0123567670088, 0.108622248656 ]])}
{'elname':'pi', 'pos':Position([ 2.78170525865437891126, -.85871424543612234238, 0]), 'crg':'0.0', 'pol':Polarizability(noniso =[ [0.0208226,0.0,-4.61892244452e-15], [0.0,0.0208226,0.0], [-4.61892244452e-15, 0.0, 20.8226 ]])}
{'elname':'single', 'pos':Position([ 3.63170692161340284502, -.96473449725347199387, 1.89862582892838164606]), 'crg':'0.0', 'pol':Polarizability(noniso =[ [0.143982177185,0.0179327141558,-0.0952316348143], [0.0179327141558,0.00244603584279,-0.0118781907659], [-0.0952316348143, -0.0118781907659, 0.063288401128 ]])}
{'elname':'single', 'pos':Position([ 3.63170692161340284502, -.96473449725347199387, -1.89862582892838164606]), 'crg':'0.0', 'pol':Polarizability(noniso =[ [0.143982177185,0.0179327141558,0.0952316348143], [0.0179327141558,0.00244603584279,0.0118781907659], [0.0952316348143, 0.0118781907659, 0.063288401128 ]])}
{'elname':'pi', 'pos':Position([ 1.59368544222993734423, -.73866750116974049524, -1.86409864219395695808]), 'crg':'0.0', 'pol':Polarizability(noniso =[ [17.2393541128,1.73989408307,-7.65969978564], [1.73989408307,0.196635004097,-0.773995524831], [-7.65969978564, -0.773995524831, 3.42825608307 ]])}
{'elname':'single', 'pos':Position([ -.73905961934867942156, -.48226851043468992994, -1.19629587215775736369]), 'crg':'0.0', 'pol':Polarizability(noniso =[ [0.0994766592611,0.0118240842192,0.103739421313], [0.0118240842192,0.00161770623882,0.0123567670088], [0.103739421313, 0.0123567670088, 0.108622248656 ]])}
{'elname':'pi', 'pos':Position([ .04781101680117737498, -.59006415998270522614, -3.70648811022092410632]), 'crg':'0.0', 'pol':Polarizability(noniso =[ [1.45671917343,0.114583740534,-5.2720273602], [0.114583740534,0.0299663181743,-0.420704823948], [-5.2720273602, -0.420704823948, 19.3775597084 ]])}
{'elname':'pi', 'pos':Position([ -1.50008730534875652238, -.63671299519329253036, -5.55235089493651653925]), 'crg':'0.0', 'pol':Polarizability(noniso =[ [17.3006964018,-1.09201062287,-7.72434867922], [-1.09201062287,0.0898327799438,0.488144237002], [-7.72434867922, 0.488144237002, 3.47371601823 ]])}
{'elname':'single', 'pos':Position([ .83747277849461390248, -.40372676676168209816, -6.21143635818020882229]), 'crg':'0.0', 'pol':Polarizability(noniso =[ [0.0999547656471,-0.0137147667011,0.10352970117], [-0.0137147667011,0.00209504611413,-0.0142350898936], [0.10352970117, -0.0142350898936, 0.107666802395 ]])}
{'elname':'pi', 'pos':Position([ -2.68965386263807284213, -.66209674188532688104, -7.41923121404323542283]), 'crg':'0.0', 'pol':Polarizability(noniso =[ [0.0208252540547,-0.000277120101943,0.00742510962594], [-0.000277120101943,0.0497577799116,-0.77528436726], [0.00742510962594, -0.77528436726, 20.793662166 ]])}
{'elname':'single', 'pos':Position([ -3.54236066860023447721, -.82160191330994608233, -5.52535426696388279766]), 'crg':'0.0', 'pol':Polarizability(noniso =[ [0.144732663289,-0.0186004165747,0.0947904365604], [-0.0186004165747,0.00260320502481,-0.0121996993636], [0.0947904365604, -0.0121996993636, 0.0623807458422 ]])}
{'elname':'single', 'pos':Position([ -3.54063345888673964033, -.68076251206590155433, -9.32075115859111087930]), 'crg':'0.0', 'pol':Polarizability(noniso =[ [0.144478054677,-0.0116043475427,-0.0960043470408], [-0.0116043475427,0.00114270096003,0.00772216961227], [-0.0960043470408, 0.00772216961227, 0.0640958585196 ]])}
{'elname':'pi', 'pos':Position([ -1.49890339190728549907, -.49761119715664242525, -9.27797626201582381099]), 'crg':'0.0', 'pol':Polarizability(noniso =[ [17.3129508654,-1.66582089799,7.61014741894], [-1.66582089799,0.181297888038,-0.733116387566], [7.61014741894, -0.733116387566, 3.36999644657 ]])}
{'elname':'single', 'pos':Position([ .83817953607978575040, -.31444665416423836854, -8.60214782496298026445]), 'crg':'0.0', 'pol':Polarizability(noniso =[ [0.0998769063084,-0.00595329794315,-0.104260724889], [-0.00595329794315,0.000564897565534,0.00622765178856], [-0.104260724889, 0.00622765178856, 0.109274810282 ]])}
{'elname':'pi', 'pos':Position([ .05044623993626331595, -.31313612906980875214, -11.11466820565965427081]), 'crg':'0.0', 'pol':Polarizability(noniso =[ [1.46481702613,-0.280739752584,5.27955641203], [-0.280739752584,0.0754037031227,-1.02644534774], [5.27955641203, -1.02644534774, 19.3240244707 ]])}
{'elname':'pi', 'pos':Position([ 1.59419566829409883872, -.34904187104055125579, -12.96468366361967220053]), 'crg':'0.0', 'pol':Polarizability(noniso =[ [17.1620396543,1.52963478449,7.77217323869], [1.52963478449,0.157322976054,0.693567236174], [7.77217323869, 0.693567236174, 3.54488256966 ]])}
{'elname':'single', 'pos':Position([ -.72958831181691123502, .01860718866950427947, -13.60772724146089438471]), 'crg':'0.0', 'pol':Polarizability(noniso =[ [0.0985431478705,0.0226113132439,-0.101880720919], [0.0226113132439,0.00540864175765,-0.0234268962078], [-0.101880720919, -0.0234268962078, 0.105764824528 ]])}
{'elname':'pi', 'pos':Position([ 2.77886405536746481140, -.34960784402653780245, -14.83482942953702464883]), 'crg':'0.0', 'pol':Polarizability(noniso =[ [0.0208226002597,5.77968372581e-06,-7.3268619584e-05], [5.77968372581e-06,0.149463332565,-1.63076897361], [-7.3268619584e-05, -1.63076897361, 20.6939592672 ]])}
{'elname':'single', 'pos':Position([ 3.62545854205358809865, -.62814308704154298408, -12.95046819855428389582]), 'crg':'0.0', 'pol':Polarizability(noniso =[ [0.142823449123,0.0292078299316,-0.0928822744028], [0.0292078299316,0.00619115411518,-0.0190225840381], [-0.0928822744028, -0.0190225840381, 0.0607020109177 ]])}
{'elname':'single', 'pos':Position([ 3.62474044611143488419, -.33040161216318465723, -16.74038393944410303391]), 'crg':'0.0', 'pol':Polarizability(noniso =[ [0.142592266037,0.0144666523365,0.0963767551626], [0.0144666523365,0.00167916504461,0.00979224572752], [0.0963767551626, 0.00979224572752, 0.0654451830745 ]])}
{'elname':'pi', 'pos':Position([ 1.59549957934695599130, -.05488237210522297635, -16.68153125266923820602]), 'crg':'0.0', 'pol':Polarizability(noniso =[ [17.1540733056,2.74475055519,-7.43775046401], [2.74475055519,0.460532246443,-1.19152927055], [-7.43775046401, -1.19152927055, 3.24963964794 ]])}
{'elname':'single', 'pos':Position([ -.72827967644864517972, .20761570982272100914, -15.99158372658534797039]), 'crg':'0.0', 'pol':Polarizability(noniso =[ [0.0989260062811,0.00631239339157,0.104190764383], [0.00631239339157,0.000612941038952,0.00666242933063], [0.104190764383, 0.00666242933063, 0.110177666836 ]])}
{'elname':'pi', 'pos':Position([ .05225376301170949920, .27348306011672460566, -18.50664295438276630209]), 'crg':'0.0', 'pol':Polarizability(noniso =[ [1.46268886947,0.556059241512,-5.25406518411], [0.556059241512,0.235268201939,-2.02624304556], [-5.25406518411, -2.02624304556, 19.1662881286 ]])}
{'elname':'pi', 'pos':Position([ -1.48835683018845105193, .31186528822481391866, -20.36104163217916418167]), 'crg':'0.0', 'pol':Polarizability(noniso =[ [17.0892816331,-1.4515002537,-7.8495311081], [-1.4515002537,0.144258053804,0.667523434467], [-7.8495311081, 0.667523434467, 3.63070551313 ]])}
{'elname':'single', 'pos':Position([ .82569317045405584367, .76534476542073241250, -20.97929483734371019764]), 'crg':'0.0', 'pol':Polarizability(noniso =[ [0.0975983923509,-0.0303401300883,0.0997887864301], [-0.0303401300883,0.00966131623516,-0.0310877186238], [0.0997887864301, -0.0310877186238, 0.10245690557 ]])}
{'elname':'pi', 'pos':Position([ -2.66763288365409545233, .40574310457820178193, -22.23459646409558083757]), 'crg':'0.0', 'pol':Polarizability(noniso =[ [0.0208467375101,-0.00323760689324,0.022172515196], [-0.00323760689324,0.455088535953,-2.97403865928], [0.022172515196, -2.97403865928, 20.3883099265 ]])}
{'elname':'single', 'pos':Position([ -3.51096475811883051650, -.01423814177935103779, -20.36450077592156275818]), 'crg':'0.0', 'pol':Polarizability(noniso =[ [0.141239226427,-0.0378077418229,0.0903819737465], [-0.0378077418229,0.0103449150313,-0.0242298806176], [0.0903819737465, -0.0242298806176, 0.0581324726979 ]])}
{'elname':'single', 'pos':Position([ -3.50782875755040088650, .55015125368213142969, -24.14763428961036114178]), 'crg':'0.0', 'pol':Polarizability(noniso =[ [0.141249182498,-0.00835844804288,-0.0976101237653], [-0.00835844804288,0.000704644805615,0.00578466971214], [-0.0976101237653, 0.00578466971214, 0.0677627868531 ]])}
{'elname':'pi', 'pos':Position([ -1.48822738394624711722, .84680424629027856831, -24.03625005007774333436]), 'crg':'0.0', 'pol':Polarizability(noniso =[ [17.300500831,-3.61998431213,6.91060445384], [-3.61998431213,0.77918662998,-1.44772833011], [6.91060445384, -1.44772833011, 2.78455773898 ]])}
{'elname':'single', 'pos':Position([ .82437414159189020237, 1.10599719715815420618, -23.32394611861584361533]), 'crg':'0.0', 'pol':Polarizability(noniso =[ [0.100352054199,-0.00109603170112,-0.104445908567], [-0.00109603170112,0.000221293748372,0.001143128382], [-0.104445908567, 0.001143128382, 0.109143266209 ]])}
{'elname':'single', 'pos':Position([ -.03698761019938122806, 1.27028715522891008909, -25.47613351444468884902]), 'crg':'0.0', 'pol':Polarizability(noniso =[ [0.0151600914543,-0.00966738370305,0.0530005446391], [-0.00966738370305,0.00646035807463,-0.0342708635287], [0.0530005446391, -0.0342708635287, 0.188096164627 ]])}
