{'elname':'H', 'pos':Position([ -.20078529460452944684, -15.40603223268122662881, -.63117042835556785137]), 'crg':0.2617970, 'pol':Polarizability(iso=0.00057735)}
{'elname':'C', 'pos':Position([ .34604476534514336596, -13.45273190152561372636, -.37939465267966949445]), 'crg':-0.1705310, 'pol':Polarizability(iso=7.02210054)}
{'elname':'C', 'pos':Position([ 2.69721560188156254653, -12.48844810396215105261, .09280634161864872485]), 'crg':-0.5979770, 'pol':Polarizability(iso=7.02210054)}
{'elname':'C', 'pos':Position([ 2.70157520014089798275, -9.80950426435606069195, .33197008487894036250]), 'crg':0.5117430, 'pol':Polarizability(iso=7.02210054)}
{'elname':'S', 'pos':Position([ -1.91656216480982173835, -11.08654341116737455808, -.56780602036520091946]), 'crg':-0.0584000, 'pol':Polarizability(iso=8.89471598216)}
{'elname':'H', 'pos':Position([ 4.37618249614684835249, -13.64883067524451166830, .28061866611033128411]), 'crg':0.2457820, 'pol':Polarizability(iso=0.00057735)}
{'elname':'H', 'pos':Position([ 4.38177230613866205875, -8.70974977757923054885, .74511713656597449776]), 'crg':0.2486280, 'pol':Polarizability(iso=0.00057735)}
{'elname':'C', 'pos':Position([ .34604476534514336596, -8.73222996002095328370, .03844269934532326789]), 'crg':-0.3366990, 'pol':Polarizability(iso=7.02210054)}
{'elname':'C', 'pos':Position([ -.37116300551119738340, -6.09637565639638291294, .15819842578251670706]), 'crg':-0.1793880, 'pol':Polarizability(iso=7.02210054)}
{'elname':'C', 'pos':Position([ -2.73941696656620882381, -5.04539311217490095945, .44940333786111722122]), 'crg':0.0420440, 'pol':Polarizability(iso=7.02210054)}
{'elname':'C', 'pos':Position([ -2.73550523340763736608, -2.37091091604097833391, .50896939626272636084]), 'crg':-0.1214640, 'pol':Polarizability(iso=7.02210054)}
{'elname':'S', 'pos':Position([ 1.91645445041849875618, -3.70443208815496963965, -.09681256108539823711]), 'crg':-0.2826300, 'pol':Polarizability(iso=8.89471598216)}
{'elname':'H', 'pos':Position([ -4.43602823402066453354, -6.17586698746658019279, .66538392054684139830]), 'crg':0.2548430, 'pol':Polarizability(iso=0.00057735)}
{'elname':'H', 'pos':Position([ -4.42941608217436427722, -1.24688856587169666417, .77416978660456270602]), 'crg':0.2535120, 'pol':Polarizability(iso=0.00057735)}
{'elname':'C', 'pos':Position([ -.36189578840509379466, -1.31501697352040110571, .26623407055330426178]), 'crg':-0.0712600, 'pol':Polarizability(iso=7.02210054)}
{'elname':'C', 'pos':Position([ .36189578840509379466, 1.31501697352040110571, .26623407055330426178]), 'crg':-0.0712600, 'pol':Polarizability(iso=7.02210054)}
{'elname':'C', 'pos':Position([ 2.73550523340763736608, 2.37091091604097833391, .50896939626272636084]), 'crg':-0.1214640, 'pol':Polarizability(iso=7.02210054)}
{'elname':'C', 'pos':Position([ 2.73941696656620882381, 5.04539311217490095945, .44940333786111722122]), 'crg':0.0420440, 'pol':Polarizability(iso=7.02210054)}
{'elname':'S', 'pos':Position([ -1.91645445041849875618, 3.70443208815496963965, -.09681256108539823711]), 'crg':-0.2826300, 'pol':Polarizability(iso=8.89471598216)}
{'elname':'H', 'pos':Position([ 4.42941608217436427722, 1.24688856587169666417, .77416978660456270602]), 'crg':0.2535120, 'pol':Polarizability(iso=0.00057735)}
{'elname':'H', 'pos':Position([ 4.43602823402066453354, 6.17586698746658019279, .66538392054684139830]), 'crg':0.2548430, 'pol':Polarizability(iso=0.00057735)}
{'elname':'C', 'pos':Position([ .37116300551119738340, 6.09637565639638291294, .15819842578251670706]), 'crg':-0.1793880, 'pol':Polarizability(iso=7.02210054)}
{'elname':'C', 'pos':Position([ -.34604476534514336596, 8.73222996002095328370, .03844269934532326789]), 'crg':-0.3366990, 'pol':Polarizability(iso=7.02210054)}
{'elname':'C', 'pos':Position([ -2.70157520014089798275, 9.80950426435606069195, .33197008487894036250]), 'crg':0.5117430, 'pol':Polarizability(iso=7.02210054)}
{'elname':'C', 'pos':Position([ -2.69721560188156254653, 12.48844810396215105261, .09280634161864872485]), 'crg':-0.5979770, 'pol':Polarizability(iso=7.02210054)}
{'elname':'S', 'pos':Position([ 1.91656216480982173835, 11.08654341116737455808, -.56780602036520091946]), 'crg':-0.0584000, 'pol':Polarizability(iso=8.89471598216)}
{'elname':'H', 'pos':Position([ -4.38177230613866205875, 8.70974977757923054885, .74511713656597449776]), 'crg':0.2486280, 'pol':Polarizability(iso=0.00057735)}
{'elname':'H', 'pos':Position([ -4.37618249614684835249, 13.64883067524451166830, .28061866611033128411]), 'crg':0.2457820, 'pol':Polarizability(iso=0.00057735)}
{'elname':'C', 'pos':Position([ -.34604476534514336596, 13.45273190152561372636, -.37939465267966949445]), 'crg':-0.1705310, 'pol':Polarizability(iso=7.02210054)}
{'elname':'H', 'pos':Position([ .20078529460452944684, 15.40603223268122662881, -.63117042835556785137]), 'crg':0.2617970, 'pol':Polarizability(iso=0.00057735)}
{'elname':'single', 'pos':Position([ .07262973537030695956, -14.42938206710342017758, -.50528254051761867291]), 'crg':'0.0', 'pol':Polarizability(noniso =[ [0.0151746901065,-0.0534570197638,-0.00689048294401], [-0.0534570197638,0.19116005595,0.0246130993925], [-0.00689048294401, 0.0246130993925, 0.00338186809989 ]])}
{'elname':'pi', 'pos':Position([ 1.52163018361335295624, -12.97059000274388238948, -.14329415553051038480]), 'crg':'0.0', 'pol':Polarizability(noniso =[ [17.2331247099,-7.05926757234,-3.45685904409], [-7.05926757234,2.91603431192,1.41775880973], [-3.45685904409, 1.41775880973, 0.71508617813 ]])}
{'elname':'single', 'pos':Position([ -.78525869973233918619, -12.26963765634649414222, -.47360033652243520695]), 'crg':'0.0', 'pol':Polarizability(noniso =[ [0.0997474152668,0.104094946518,-0.00828871889223], [0.104094946518,0.109069684271,-0.00866817429984], [-0.00828871889223, -0.00866817429984, 0.000899514618287 ]])}
{'elname':'pi', 'pos':Position([ 2.69939540101123026464, -11.14897618415910587228, .21238821324879454367]), 'crg':'0.0', 'pol':Polarizability(noniso =[ [0.0208772534244,-0.0335841621172,-0.00299823901026], [-0.0335841621172,20.6580645797,1.84239772759], [-0.00299823901026, 1.84239772759, 0.185303366857 ]])}
{'elname':'single', 'pos':Position([ 3.53669904901420544951, -13.06863938960333136045, .18671250386449000448]), 'crg':'0.0', 'pol':Polarizability(noniso =[ [0.140521077393,0.096973528119,-0.0156955336808], [0.096973528119,0.067230507483,-0.0108476371943], [-0.0156955336808, -0.0108476371943, 0.00196502928048 ]])}
{'elname':'single', 'pos':Position([ 3.54167375313978002075, -9.25962702096764562040, .53854361072245743013]), 'crg':'0.0', 'pol':Polarizability(noniso =[ [0.140642467543,-0.091918982437,-0.0345313950018], [-0.091918982437,0.0603738543039,0.0226021437916], [-0.0345313950018, 0.0226021437916, 0.00870029230963 ]])}
{'elname':'pi', 'pos':Position([ 1.52380998274302067435, -9.27086711218850698782, .18520639211213181519]), 'crg':'0.0', 'pol':Polarizability(noniso =[ [17.0062125026,7.76806948486,-2.11658360119], [7.76806948486,3.57345835741,-0.967994763665], [-2.11658360119, -0.967994763665, 0.284574339966 ]])}
{'elname':'single', 'pos':Position([ -.78525869973233918619, -9.90938668559416392089, -.26468166050993882578]), 'crg':'0.0', 'pol':Polarizability(noniso =[ [0.0972568006466,-0.10098096925,-0.0260031574356], [-0.10098096925,0.105283162615,0.0270571005979], [-0.0260031574356, 0.0270571005979, 0.00717665089486 ]])}
{'elname':'pi', 'pos':Position([ -.01255912008302700872, -7.41430280820866809832, .09832056256391998747]), 'crg':'0.0', 'pol':Polarizability(noniso =[ [1.45200377985,5.25982180543,0.238971395488], [5.25982180543,19.3515165851,0.878258444534], [0.238971395488, 0.878258444534, 0.0607248350667 ]])}
{'elname':'pi', 'pos':Position([ -1.55528998603870310360, -5.57088438428564193619, .30380088182181696414]), 'crg':'0.0', 'pol':Polarizability(noniso =[ [17.1831576605,7.61629236697,2.11031264152], [7.61629236697,3.40077697187,0.936513475988], [2.11031264152, 0.936513475988, 0.28031056765 ]])}
{'elname':'single', 'pos':Position([ .77264572245365068639, -4.90040387227567627629, .03069293234855923497]), 'crg':'0.0', 'pol':Polarizability(noniso =[ [0.0995050931208,-0.103824150246,0.0110689480163], [-0.103824150246,0.108768317694,-0.0115737440918], [0.0110689480163, -0.0115737440918, 0.00144320334172 ]])}
{'elname':'pi', 'pos':Position([ -2.73746109998692309494, -3.70815201410793964668, .47918636706192179103]), 'crg':'0.0', 'pol':Polarizability(noniso =[ [0.0208670777861,-0.0304098061383,-0.000677287099175], [-0.0304098061383,20.8122421084,0.463066424775], [-0.000677287099175, 0.463066424775, 0.0311360138421 ]])}
{'elname':'single', 'pos':Position([ -3.58772260029343667867, -5.61063004982074057612, .55739362920397930976]), 'crg':'0.0', 'pol':Polarizability(noniso =[ [0.143403254125,-0.0954119718426,0.0182287567401], [-0.0954119718426,0.0637835201321,-0.0121460547086], [0.0182287567401, -0.0121460547086, 0.00252983989939 ]])}
{'elname':'single', 'pos':Position([ -3.58246065779100082165, -1.80889974095633749904, .64156959143364453343]), 'crg':'0.0', 'pol':Polarizability(noniso =[ [0.142948368179,0.0947168531452,0.0223473727389], [0.0947168531452,0.0630602207514,0.0148289660252], [0.0223473727389, 0.0148289660252, 0.0037080252255 ]])}
{'elname':'pi', 'pos':Position([ -1.54870051090636558037, -1.84296394478068971981, .38760173340801531131]), 'crg':'0.0', 'pol':Polarizability(noniso =[ [17.2358896285,-7.65807746249,1.76048545437], [-7.65807746249,3.42749829428,-0.783147341733], [1.76048545437, -0.783147341733, 0.200857277176 ]])}
{'elname':'single', 'pos':Position([ .77727933100670248076, -2.50972453083768537268, .08471075473395301233]), 'crg':'0.0', 'pol':Polarizability(noniso =[ [0.0985917916247,0.103178437289,0.0156768842241], [0.103178437289,0.108417471354,0.0164411000018], [0.0156768842241, 0.0164411000018, 0.00270735117745 ]])}
{'elname':'pi', 'pos':Position([ 0, 0, .26623407055330426178]), 'crg':'0.0', 'pol':Polarizability(noniso =[ [1.48535486408,-5.321655701,0.0], [-5.321655701,19.3580677359,0.0], [0.0, 0.0, 0.0208226 ]])}
{'elname':'pi', 'pos':Position([ 1.54870051090636558037, 1.84296394478068971981, .38760173340801531131]), 'crg':'0.0', 'pol':Polarizability(noniso =[ [17.2358896285,-7.65807746249,-1.76048545437], [-7.65807746249,3.42749829428,0.783147341733], [-1.76048545437, 0.783147341733, 0.200857277176 ]])}
{'elname':'single', 'pos':Position([ -.77727933100670248076, 2.50972453083768537268, .08471075473395301233]), 'crg':'0.0', 'pol':Polarizability(noniso =[ [0.0985917916247,0.103178437289,-0.0156768842241], [0.103178437289,0.108417471354,-0.0164411000018], [-0.0156768842241, -0.0164411000018, 0.00270735117745 ]])}
{'elname':'pi', 'pos':Position([ 2.73746109998692309494, 3.70815201410793964668, .47918636706192179103]), 'crg':'0.0', 'pol':Polarizability(noniso =[ [0.0208670777861,-0.0304098061383,0.000677287099175], [-0.0304098061383,20.8122421084,-0.463066424775], [0.000677287099175, -0.463066424775, 0.0311360138421 ]])}
{'elname':'single', 'pos':Position([ 3.58246065779100082165, 1.80889974095633749904, .64156959143364453343]), 'crg':'0.0', 'pol':Polarizability(noniso =[ [0.142948368179,0.0947168531452,-0.0223473727389], [0.0947168531452,0.0630602207514,-0.0148289660252], [-0.0223473727389, -0.0148289660252, 0.0037080252255 ]])}
{'elname':'single', 'pos':Position([ 3.58772260029343667867, 5.61063004982074057612, .55739362920397930976]), 'crg':'0.0', 'pol':Polarizability(noniso =[ [0.143403254125,-0.0954119718426,-0.0182287567401], [-0.0954119718426,0.0637835201321,0.0121460547086], [-0.0182287567401, 0.0121460547086, 0.00252983989939 ]])}
{'elname':'pi', 'pos':Position([ 1.55528998603870310360, 5.57088438428564193619, .30380088182181696414]), 'crg':'0.0', 'pol':Polarizability(noniso =[ [17.1831576605,7.61629236697,-2.11031264152], [7.61629236697,3.40077697187,-0.936513475988], [-2.11031264152, -0.936513475988, 0.28031056765 ]])}
{'elname':'single', 'pos':Position([ -.77264572245365068639, 4.90040387227567627629, .03069293234855923497]), 'crg':'0.0', 'pol':Polarizability(noniso =[ [0.0995050931208,-0.103824150246,-0.0110689480163], [-0.103824150246,0.108768317694,0.0115737440918], [-0.0110689480163, 0.0115737440918, 0.00144320334172 ]])}
{'elname':'pi', 'pos':Position([ .01255912008302700872, 7.41430280820866809832, .09832056256391998747]), 'crg':'0.0', 'pol':Polarizability(noniso =[ [1.45200377985,5.25982180543,-0.238971395488], [5.25982180543,19.3515165851,-0.878258444534], [-0.238971395488, -0.878258444534, 0.0607248350667 ]])}
{'elname':'pi', 'pos':Position([ -1.52380998274302067435, 9.27086711218850698782, .18520639211213181519]), 'crg':'0.0', 'pol':Polarizability(noniso =[ [17.0062125026,7.76806948486,2.11658360119], [7.76806948486,3.57345835741,0.967994763665], [2.11658360119, 0.967994763665, 0.284574339966 ]])}
{'elname':'single', 'pos':Position([ .78525869973233918619, 9.90938668559416392089, -.26468166050993882578]), 'crg':'0.0', 'pol':Polarizability(noniso =[ [0.0972568006466,-0.10098096925,0.0260031574356], [-0.10098096925,0.105283162615,-0.0270571005979], [0.0260031574356, -0.0270571005979, 0.00717665089486 ]])}
{'elname':'pi', 'pos':Position([ -2.69939540101123026464, 11.14897618415910587228, .21238821324879454367]), 'crg':'0.0', 'pol':Polarizability(noniso =[ [0.0208772534244,-0.0335841621172,0.00299823901026], [-0.0335841621172,20.6580645797,-1.84239772759], [0.00299823901026, -1.84239772759, 0.185303366857 ]])}
{'elname':'single', 'pos':Position([ -3.54167375313978002075, 9.25962702096764562040, .53854361072245743013]), 'crg':'0.0', 'pol':Polarizability(noniso =[ [0.140642467543,-0.091918982437,0.0345313950018], [-0.091918982437,0.0603738543039,-0.0226021437916], [0.0345313950018, -0.0226021437916, 0.00870029230963 ]])}
{'elname':'single', 'pos':Position([ -3.53669904901420544951, 13.06863938960333136045, .18671250386449000448]), 'crg':'0.0', 'pol':Polarizability(noniso =[ [0.140521077393,0.096973528119,0.0156955336808], [0.096973528119,0.067230507483,0.0108476371943], [0.0156955336808, 0.0108476371943, 0.00196502928048 ]])}
{'elname':'pi', 'pos':Position([ -1.52163018361335295624, 12.97059000274388238948, -.14329415553051038480]), 'crg':'0.0', 'pol':Polarizability(noniso =[ [17.2331247099,-7.05926757234,3.45685904409], [-7.05926757234,2.91603431192,-1.41775880973], [3.45685904409, -1.41775880973, 0.71508617813 ]])}
{'elname':'single', 'pos':Position([ .78525869973233918619, 12.26963765634649414222, -.47360033652243520695]), 'crg':'0.0', 'pol':Polarizability(noniso =[ [0.0997474152668,0.104094946518,0.00828871889223], [0.104094946518,0.109069684271,0.00866817429984], [0.00828871889223, 0.00866817429984, 0.000899514618287 ]])}
{'elname':'single', 'pos':Position([ -.07262973537030695956, 14.42938206710342017758, -.50528254051761867291]), 'crg':'0.0', 'pol':Polarizability(noniso =[ [0.0151746901065,-0.0534570197638,0.00689048294401], [-0.0534570197638,0.19116005595,-0.0246130993925], [0.00689048294401, -0.0246130993925, 0.00338186809989 ]])}
