{'elname':'H', 'pos':Position([ .57389093861186763148, 22.76050820027771415699, 1.17461787847246631185]), 'crg':0., 'pol':Polarizability(iso=0.00057735)}
{'elname':'C', 'pos':Position([ 1.05125277506287118946, 20.80174467078324614136, .83809733299167084296]), 'crg':0., 'pol':Polarizability(iso=7.02210054)}
{'elname':'C', 'pos':Position([ 3.36480105340895261549, 19.77815370730258219741, .30752647695327765444]), 'crg':0., 'pol':Polarizability(iso=7.02210054)}
{'elname':'C', 'pos':Position([ 3.27519779763753993936, 17.11314848787891844168, -.04228640236200652635]), 'crg':0., 'pol':Polarizability(iso=7.02210054)}
{'elname':'S', 'pos':Position([ -1.29038817243070941076, 18.50884731995256031438, .94649013600737144381]), 'crg':0., 'pol':Polarizability(iso=8.89471598216)}
{'elname':'H', 'pos':Position([ 5.08135460106746851527, 20.88746264956237721504, .15436417139665125406]), 'crg':0., 'pol':Polarizability(iso=0.00057735)}
{'elname':'H', 'pos':Position([ 4.91358282254035132277, 15.97476232914040892162, -.51460644940862909437]), 'crg':0., 'pol':Polarizability(iso=0.00057735)}
{'elname':'C', 'pos':Position([ .88572977067039169488, 16.10580161050022563330, .22531771965987952617]), 'crg':0., 'pol':Polarizability(iso=7.02210054)}
{'elname':'C', 'pos':Position([ .07787183574802542513, 13.50341813668464930083, .00270419814005592077]), 'crg':0., 'pol':Polarizability(iso=7.02210054)}
{'elname':'C', 'pos':Position([ -2.32672533888459291141, 12.54669702322775811202, -.31780658728304998779]), 'crg':0., 'pol':Polarizability(iso=7.02210054)}
{'elname':'C', 'pos':Position([ -2.41525523019510288803, 9.87894603168844009152, -.48417429927064128991]), 'crg':0., 'pol':Polarizability(iso=7.02210054)}
{'elname':'S', 'pos':Position([ 2.28328242411048699755, 11.02683562330349833666, .14852302782508392273]), 'crg':0., 'pol':Polarizability(iso=8.89471598216)}
{'elname':'H', 'pos':Position([ -3.98395282336427193008, 13.74277085256129704756, -.47902668520110087887]), 'crg':0., 'pol':Polarizability(iso=0.00057735)}
{'elname':'H', 'pos':Position([ -4.14834577151094189243, 8.82537456262287944378, -.78322724410651101370]), 'crg':0., 'pol':Polarizability(iso=0.00057735)}
{'elname':'C', 'pos':Position([ -.07787183574802542513, 8.73276853197756819454, -.29656606520462332844]), 'crg':0., 'pol':Polarizability(iso=7.02210054)}
{'elname':'C', 'pos':Position([ .55416975636894408904, 6.08328552326139523773, -.40519319426460550454]), 'crg':0., 'pol':Polarizability(iso=7.02210054)}
{'elname':'C', 'pos':Position([ 2.89521921957333006788, 4.95631331055079470544, -.66197674427394075179]), 'crg':0., 'pol':Polarizability(iso=7.02210054)}
{'elname':'C', 'pos':Position([ 2.80942754147382011167, 2.28629086816287625392, -.71724367565344841009]), 'crg':0., 'pol':Polarizability(iso=7.02210054)}
{'elname':'S', 'pos':Position([ -1.81117591612034683278, 3.76112387306180236034, -.18338469609045892377]), 'crg':0., 'pol':Polarizability(iso=8.89471598216)}
{'elname':'H', 'pos':Position([ 4.63015980280329538007, 6.03200402436083791969, -.85096069898703118728]), 'crg':0., 'pol':Polarizability(iso=0.00057735)}
{'elname':'H', 'pos':Position([ 4.47234499143198157441, 1.11051458755214699348, -.95246922958887873476]), 'crg':0., 'pol':Polarizability(iso=0.00057735)}
{'elname':'C', 'pos':Position([ .40027234733469242439, 1.30218384314365773884, -.50418838906891680140]), 'crg':0., 'pol':Polarizability(iso=7.02210054)}
{'elname':'C', 'pos':Position([ -.40027234733469242439, -1.30218384314365773884, -.50418838906891680140]), 'crg':0., 'pol':Polarizability(iso=7.02210054)}
{'elname':'C', 'pos':Position([ -2.80942754147382011167, -2.28629086816287625392, -.71724367565344841009]), 'crg':0., 'pol':Polarizability(iso=7.02210054)}
{'elname':'C', 'pos':Position([ -2.89521921957333006788, -4.95631331055079470544, -.66197674427394075179]), 'crg':0., 'pol':Polarizability(iso=7.02210054)}
{'elname':'S', 'pos':Position([ 1.81117591612034683278, -3.76112387306180236034, -.18338469609045892377]), 'crg':0., 'pol':Polarizability(iso=8.89471598216)}
{'elname':'H', 'pos':Position([ -4.47234499143198157441, -1.11051458755214699348, -.95246922958887873476]), 'crg':0., 'pol':Polarizability(iso=0.00057735)}
{'elname':'H', 'pos':Position([ -4.63015980280329538007, -6.03200402436083791969, -.85096069898703118728]), 'crg':0., 'pol':Polarizability(iso=0.00057735)}
{'elname':'C', 'pos':Position([ -.55416975636894408904, -6.08328552326139523773, -.40519319426460550454]), 'crg':0., 'pol':Polarizability(iso=7.02210054)}
{'elname':'C', 'pos':Position([ .07787183574802542513, -8.73276853197756819454, -.29656606520462332844]), 'crg':0., 'pol':Polarizability(iso=7.02210054)}
{'elname':'C', 'pos':Position([ 2.41525523019510288803, -9.87894603168844009152, -.48417429927064128991]), 'crg':0., 'pol':Polarizability(iso=7.02210054)}
{'elname':'C', 'pos':Position([ 2.32672533888459291141, -12.54669702322775811202, -.31780658728304998779]), 'crg':0., 'pol':Polarizability(iso=7.02210054)}
{'elname':'S', 'pos':Position([ -2.28328242411048699755, -11.02683562330349833666, .14852302782508392273]), 'crg':0., 'pol':Polarizability(iso=8.89471598216)}
{'elname':'H', 'pos':Position([ 4.14834577151094189243, -8.82537456262287944378, -.78322724410651101370]), 'crg':0., 'pol':Polarizability(iso=0.00057735)}
{'elname':'H', 'pos':Position([ 3.98395282336427193008, -13.74277085256129704756, -.47902668520110087887]), 'crg':0., 'pol':Polarizability(iso=0.00057735)}
{'elname':'C', 'pos':Position([ -.07787183574802542513, -13.50341813668464930083, .00270419814005592077]), 'crg':0., 'pol':Polarizability(iso=7.02210054)}
{'elname':'C', 'pos':Position([ -.88572977067039169488, -16.10580161050022563330, .22531771965987952617]), 'crg':0., 'pol':Polarizability(iso=7.02210054)}
{'elname':'C', 'pos':Position([ -3.27519779763753993936, -17.11314848787891844168, -.04228640236200652635]), 'crg':0., 'pol':Polarizability(iso=7.02210054)}
{'elname':'C', 'pos':Position([ -3.36480105340895261549, -19.77815370730258219741, .30752647695327765444]), 'crg':0., 'pol':Polarizability(iso=7.02210054)}
{'elname':'S', 'pos':Position([ 1.29038817243070941076, -18.50884731995256031438, .94649013600737144381]), 'crg':0., 'pol':Polarizability(iso=8.89471598216)}
{'elname':'H', 'pos':Position([ -4.91358282254035132277, -15.97476232914040892162, -.51460644940862909437]), 'crg':0., 'pol':Polarizability(iso=0.00057735)}
{'elname':'H', 'pos':Position([ -5.08135460106746851527, -20.88746264956237721504, .15436417139665125406]), 'crg':0., 'pol':Polarizability(iso=0.00057735)}
{'elname':'C', 'pos':Position([ -1.05125277506287118946, -20.80174467078324614136, .83809733299167084296]), 'crg':0., 'pol':Polarizability(iso=7.02210054)}
{'elname':'H', 'pos':Position([ -.57389093861186763148, -22.76050820027771415699, 1.17461787847246631185]), 'crg':0., 'pol':Polarizability(iso=0.00057735)}
{'elname':'single', 'pos':Position([ .81257185683736941047, 21.78112643553048014917, 1.00635760573206857740]), 'crg':'0.0', 'pol':Polarizability(noniso =[ [0.0116136485359,0.0467955839073,0.00803960007701], [0.0467955839073,0.192226078791,0.0329889702529], [0.00803960007701, 0.0329889702529, 0.00587688682974 ]])}
{'elname':'pi', 'pos':Position([ 2.20802691423591190247, 20.28994918904291416938, .57281190497247424870]), 'crg':'0.0', 'pol':Polarizability(noniso =[ [16.6843671218,7.37250817358,3.82148544913], [7.37250817358,3.28266624307,1.69075268903], [3.82148544913, 1.69075268903, 0.897211835125 ]])}
{'elname':'single', 'pos':Position([ -.11956769868391911065, 19.65529599536790322787, .89229373449952114338]), 'crg':'0.0', 'pol':Polarizability(noniso =[ [0.106835861516,-0.104407025011,0.00493566364468], [-0.104407025011,0.102442986454,-0.00483292287299], [0.00493566364468, -0.00483292287299, 0.000437766186035 ]])}
{'elname':'pi', 'pos':Position([ 3.31999942552324627742, 18.44565109759075031954, .13262003729563556404]), 'crg':'0.0', 'pol':Polarizability(noniso =[ [0.0439140145955,-0.686791343584,-0.0901493384092], [-0.686791343584,20.4475637887,2.68124696273], [-0.0901493384092, 2.68124696273, 0.372767396713 ]])}
{'elname':'single', 'pos':Position([ 4.22307782723821056538, 20.33280817843247970622, .23094532417496445425]), 'crg':'0.0', 'pol':Polarizability(noniso =[ [0.146877491002,-0.0947831416295,0.013086710065], [-0.0947831416295,0.0614621419673,-0.00845718126281], [0.013086710065, -0.00845718126281, 0.00137698118678 ]])}
{'elname':'single', 'pos':Position([ 4.09439031008894563106, 16.54395540850966368165, -.27844642588531781036]), 'crg':'0.0', 'pol':Polarizability(noniso =[ [0.133736771183,0.092777842175,0.0384938225439], [0.092777842175,0.0646733951407,0.0267463594423], [0.0384938225439, 0.0267463594423, 0.0113064478325 ]])}
{'elname':'pi', 'pos':Position([ 2.08046378415396581712, 16.60947504918957203749, .09151565864893649991]), 'crg':'0.0', 'pol':Polarizability(noniso =[ [17.4973368888,-7.36771193321,1.95725040448], [-7.36771193321,3.126887015,-0.825133486176], [1.95725040448, -0.825133486176, 0.240021296177 ]])}
{'elname':'single', 'pos':Position([ -.20232920088015885794, 17.30732446522639297384, .58590392783362548499]), 'crg':'0.0', 'pol':Polarizability(noniso =[ [0.0899752779305,0.0991268665226,0.0297487316092], [0.0991268665226,0.109673213815,0.0328509592422], [0.0297487316092, 0.0328509592422, 0.0100681224104 ]])}
{'elname':'pi', 'pos':Position([ .48180080320920856000, 14.80460987359243746706, .11401095889996772347]), 'crg':'0.0', 'pol':Polarizability(noniso =[ [1.8371034461,-5.85085452947,-0.500494774813], [-5.85085452947,18.8684026967,1.61226284276], [-0.500494774813, 1.61226284276, 0.158739057222 ]])}
{'elname':'pi', 'pos':Position([ -1.12442675156828374314, 13.02505757995620370642, -.15755119457149703351]), 'crg':'0.0', 'pol':Polarizability(noniso =[ [17.7083812419,-7.03737864151,-2.35758960891], [-7.03737864151,2.82079625078,0.93801813439], [-2.35758960891, 0.93801813439, 0.335067707342 ]])}
{'elname':'single', 'pos':Position([ 1.18057712992925621134, 12.26512687999407381874, .07561361298256992175]), 'crg':'0.0', 'pol':Polarizability(noniso =[ [0.0925056798483,0.103644920585,-0.00610251463091], [0.103644920585,0.116598146098,-0.00685286499589], [-0.00610251463091, -0.00685286499589, 0.000612788210064 ]])}
{'elname':'pi', 'pos':Position([ -2.37099028453984789972, 11.21282152745809910177, -.40099044327684563885]), 'crg':'0.0', 'pol':Polarizability(noniso =[ [0.043616982813,-0.68688367794,-0.0428358067387], [-0.68688367794,20.7193074368,1.29080996496], [-0.0428358067387, 1.29080996496, 0.101320780363 ]])}
{'elname':'single', 'pos':Position([ -3.15533908112443242074, 13.14473393789452757979, -.39841663624207543333]), 'crg':'0.0', 'pol':Polarizability(noniso =[ [0.136836371029,0.0986081077805,-0.0132914945566], [0.0986081077805,0.0713779083513,-0.00959289472373], [-0.0132914945566, -0.00959289472373, 0.00150233477618 ]])}
{'elname':'single', 'pos':Position([ -3.28180050085302239023, 9.35216029715565976765, -.63370077168857615180]), 'crg':'0.0', 'pol':Polarizability(noniso =[ [0.149629295397,-0.0908346346559,-0.0257831250983], [-0.0908346346559,0.0554290209322,0.0156739445167], [-0.0257831250983, 0.0156739445167, 0.00465829782737 ]])}
{'elname':'pi', 'pos':Position([ -1.24656353297156415658, 9.30585728183300414303, -.39037018223763230917]), 'crg':'0.0', 'pol':Polarizability(noniso =[ [16.7035790448,8.18068619621,-1.33902828411], [8.18068619621,4.0323675064,-0.656616323349], [-1.33902828411, -0.656616323349, 0.128298648791 ]])}
{'elname':'single', 'pos':Position([ 1.10270529418123078621, 9.87980207764053326560, -.07402151868976970285]), 'crg':'0.0', 'pol':Polarizability(noniso =[ [0.105835500638,-0.102625059079,-0.0199110543194], [-0.102625059079,0.0999184846568,0.0193453241257], [-0.0199110543194, 0.0193453241257, 0.00396262886098 ]])}
{'elname':'pi', 'pos':Position([ .23814896031045933195, 7.40802702761948171613, -.35087962973461441649]), 'crg':'0.0', 'pol':Polarizability(noniso =[ [1.13908148822,4.68767872344,0.192191865359], [4.68767872344,19.6713096613,0.805657551709], [0.192191865359, 0.805657551709, 0.053854050498 ]])}
{'elname':'pi', 'pos':Position([ 1.72469448797113707846, 5.51979941690609497158, -.53358496926927312816]), 'crg':'0.0', 'pol':Polarizability(noniso =[ [16.7455527102,8.05122078603,1.83449159796], [8.05122078603,3.89664933791,0.883117203562], [1.83449159796, 0.883117203562, 0.222043151889 ]])}
{'elname':'single', 'pos':Position([ -.62850307987570137187, 4.92220469816159879903, -.29428894517753221415]), 'crg':'0.0', 'pol':Polarizability(noniso =[ [0.106205111513,-0.104060652125,0.0099396770956], [-0.104060652125,0.102370118937,-0.00975820880442], [0.0099396770956, -0.00975820880442, 0.00114138370629 ]])}
{'elname':'pi', 'pos':Position([ 2.85232338052357508977, 3.62130208935683547968, -.68961020996369458094]), 'crg':'0.0', 'pol':Polarizability(noniso =[ [0.0422676447767,-0.667416142222,-0.0138148809344], [-0.667416142222,20.7922554198,0.429948952519], [-0.0138148809344, 0.429948952519, 0.029722135404 ]])}
{'elname':'single', 'pos':Position([ 3.76268951118831272397, 5.49415866745581631256, -.75646872163048596953]), 'crg':'0.0', 'pol':Polarizability(noniso =[ [0.14995574186,-0.0928451732721,0.0163116105733], [-0.0928451732721,0.0577747799005,-0.0101134575965], [0.0163116105733, -0.0101134575965, 0.00198609239579 ]])}
{'elname':'single', 'pos':Position([ 3.64088626645290084304, 1.69840272785751162370, -.83485645262116357242]), 'crg':'0.0', 'pol':Polarizability(noniso =[ [0.13777330189,0.0972654973481,0.0194589148206], [0.0972654973481,0.0689814819329,0.0137585485636], [0.0194589148206, 0.0137585485636, 0.0029618303328 ]])}
{'elname':'pi', 'pos':Position([ 1.60484994440425626803, 1.79423735565326699638, -.61071603236118260574]), 'crg':'0.0', 'pol':Polarizability(noniso =[ [17.7292559314,-7.23365339266,1.56605740783], [-7.23365339266,2.97567131111,-0.639713082983], [1.56605740783, -0.639713082983, 0.159317957478 ]])}
{'elname':'single', 'pos':Position([ -.70545178439282720419, 2.53165385810273004959, -.34378654257968786258]), 'crg':'0.0', 'pol':Polarizability(noniso =[ [0.0928331394052,0.102989735313,0.0134364754834], [0.102989735313,0.114725014717,0.0149402036544], [0.0134364754834, 0.0149402036544, 0.00215846003422 ]])}
{'elname':'pi', 'pos':Position([ 0, 0, -.50418838906891680140]), 'crg':'0.0', 'pol':Polarizability(noniso =[ [1.81661811309,-5.8421620137,0.0], [-5.8421620137,19.0268044869,0.0], [0.0, 0.0, 0.0208226 ]])}
{'elname':'pi', 'pos':Position([ -1.60484994440425626803, -1.79423735565326699638, -.61071603236118260574]), 'crg':'0.0', 'pol':Polarizability(noniso =[ [17.7292559314,-7.23365339266,-1.56605740783], [-7.23365339266,2.97567131111,0.639713082983], [-1.56605740783, 0.639713082983, 0.159317957478 ]])}
{'elname':'single', 'pos':Position([ .70545178439282720419, -2.53165385810273004959, -.34378654257968786258]), 'crg':'0.0', 'pol':Polarizability(noniso =[ [0.0928331394052,0.102989735313,-0.0134364754834], [0.102989735313,0.114725014717,-0.0149402036544], [-0.0134364754834, -0.0149402036544, 0.00215846003422 ]])}
{'elname':'pi', 'pos':Position([ -2.85232338052357508977, -3.62130208935683547968, -.68961020996369458094]), 'crg':'0.0', 'pol':Polarizability(noniso =[ [0.0422676447767,-0.667416142222,0.0138148809344], [-0.667416142222,20.7922554198,-0.429948952519], [0.0138148809344, -0.429948952519, 0.029722135404 ]])}
{'elname':'single', 'pos':Position([ -3.64088626645290084304, -1.69840272785751162370, -.83485645262116357242]), 'crg':'0.0', 'pol':Polarizability(noniso =[ [0.13777330189,0.0972654973481,-0.0194589148206], [0.0972654973481,0.0689814819329,-0.0137585485636], [-0.0194589148206, -0.0137585485636, 0.0029618303328 ]])}
{'elname':'single', 'pos':Position([ -3.76268951118831272397, -5.49415866745581631256, -.75646872163048596953]), 'crg':'0.0', 'pol':Polarizability(noniso =[ [0.14995574186,-0.0928451732721,-0.0163116105733], [-0.0928451732721,0.0577747799005,0.0101134575965], [-0.0163116105733, 0.0101134575965, 0.00198609239579 ]])}
{'elname':'pi', 'pos':Position([ -1.72469448797113707846, -5.51979941690609497158, -.53358496926927312816]), 'crg':'0.0', 'pol':Polarizability(noniso =[ [16.7455527102,8.05122078603,-1.83449159796], [8.05122078603,3.89664933791,-0.883117203562], [-1.83449159796, -0.883117203562, 0.222043151889 ]])}
{'elname':'single', 'pos':Position([ .62850307987570137187, -4.92220469816159879903, -.29428894517753221415]), 'crg':'0.0', 'pol':Polarizability(noniso =[ [0.106205111513,-0.104060652125,-0.0099396770956], [-0.104060652125,0.102370118937,0.00975820880442], [-0.0099396770956, 0.00975820880442, 0.00114138370629 ]])}
{'elname':'pi', 'pos':Position([ -.23814896031045933195, -7.40802702761948171613, -.35087962973461441649]), 'crg':'0.0', 'pol':Polarizability(noniso =[ [1.13908148822,4.68767872344,-0.192191865359], [4.68767872344,19.6713096613,-0.805657551709], [-0.192191865359, -0.805657551709, 0.053854050498 ]])}
{'elname':'pi', 'pos':Position([ 1.24656353297156415658, -9.30585728183300414303, -.39037018223763230917]), 'crg':'0.0', 'pol':Polarizability(noniso =[ [16.7035790448,8.18068619621,1.33902828411], [8.18068619621,4.0323675064,0.656616323349], [1.33902828411, 0.656616323349, 0.128298648791 ]])}
{'elname':'single', 'pos':Position([ -1.10270529418123078621, -9.87980207764053326560, -.07402151868976970285]), 'crg':'0.0', 'pol':Polarizability(noniso =[ [0.105835500638,-0.102625059079,0.0199110543194], [-0.102625059079,0.0999184846568,-0.0193453241257], [0.0199110543194, -0.0193453241257, 0.00396262886098 ]])}
{'elname':'pi', 'pos':Position([ 2.37099028453984789972, -11.21282152745809910177, -.40099044327684563885]), 'crg':'0.0', 'pol':Polarizability(noniso =[ [0.043616982813,-0.68688367794,0.0428358067387], [-0.68688367794,20.7193074368,-1.29080996496], [0.0428358067387, -1.29080996496, 0.101320780363 ]])}
{'elname':'single', 'pos':Position([ 3.28180050085302239023, -9.35216029715565976765, -.63370077168857615180]), 'crg':'0.0', 'pol':Polarizability(noniso =[ [0.149629295397,-0.0908346346559,0.0257831250983], [-0.0908346346559,0.0554290209322,-0.0156739445167], [0.0257831250983, -0.0156739445167, 0.00465829782737 ]])}
{'elname':'single', 'pos':Position([ 3.15533908112443242074, -13.14473393789452757979, -.39841663624207543333]), 'crg':'0.0', 'pol':Polarizability(noniso =[ [0.136836371029,0.0986081077805,0.0132914945566], [0.0986081077805,0.0713779083513,0.00959289472373], [0.0132914945566, 0.00959289472373, 0.00150233477618 ]])}
{'elname':'pi', 'pos':Position([ 1.12442675156828374314, -13.02505757995620370642, -.15755119457149703351]), 'crg':'0.0', 'pol':Polarizability(noniso =[ [17.7083812419,-7.03737864151,2.35758960891], [-7.03737864151,2.82079625078,-0.93801813439], [2.35758960891, -0.93801813439, 0.335067707342 ]])}
{'elname':'single', 'pos':Position([ -1.18057712992925621134, -12.26512687999407381874, .07561361298256992175]), 'crg':'0.0', 'pol':Polarizability(noniso =[ [0.0925056798483,0.103644920585,0.00610251463091], [0.103644920585,0.116598146098,0.00685286499589], [0.00610251463091, 0.00685286499589, 0.000612788210064 ]])}
{'elname':'pi', 'pos':Position([ -.48180080320920856000, -14.80460987359243746706, .11401095889996772347]), 'crg':'0.0', 'pol':Polarizability(noniso =[ [1.8371034461,-5.85085452947,0.500494774813], [-5.85085452947,18.8684026967,-1.61226284276], [0.500494774813, -1.61226284276, 0.158739057222 ]])}
{'elname':'pi', 'pos':Position([ -2.08046378415396581712, -16.60947504918957203749, .09151565864893649991]), 'crg':'0.0', 'pol':Polarizability(noniso =[ [17.4973368888,-7.36771193321,-1.95725040448], [-7.36771193321,3.126887015,0.825133486176], [-1.95725040448, 0.825133486176, 0.240021296177 ]])}
{'elname':'single', 'pos':Position([ .20232920088015885794, -17.30732446522639297384, .58590392783362548499]), 'crg':'0.0', 'pol':Polarizability(noniso =[ [0.0899752779305,0.0991268665226,-0.0297487316092], [0.0991268665226,0.109673213815,-0.0328509592422], [-0.0297487316092, -0.0328509592422, 0.0100681224104 ]])}
{'elname':'pi', 'pos':Position([ -3.31999942552324627742, -18.44565109759075031954, .13262003729563556404]), 'crg':'0.0', 'pol':Polarizability(noniso =[ [0.0439140145955,-0.686791343584,0.0901493384092], [-0.686791343584,20.4475637887,-2.68124696273], [0.0901493384092, -2.68124696273, 0.372767396713 ]])}
{'elname':'single', 'pos':Position([ -4.09439031008894563106, -16.54395540850966368165, -.27844642588531781036]), 'crg':'0.0', 'pol':Polarizability(noniso =[ [0.133736771183,0.092777842175,-0.0384938225439], [0.092777842175,0.0646733951407,-0.0267463594423], [-0.0384938225439, -0.0267463594423, 0.0113064478325 ]])}
{'elname':'single', 'pos':Position([ -4.22307782723821056538, -20.33280817843247970622, .23094532417496445425]), 'crg':'0.0', 'pol':Polarizability(noniso =[ [0.146877491002,-0.0947831416295,-0.013086710065], [-0.0947831416295,0.0614621419673,0.00845718126281], [-0.013086710065, 0.00845718126281, 0.00137698118678 ]])}
{'elname':'pi', 'pos':Position([ -2.20802691423591190247, -20.28994918904291416938, .57281190497247424870]), 'crg':'0.0', 'pol':Polarizability(noniso =[ [16.6843671218,7.37250817358,-3.82148544913], [7.37250817358,3.28266624307,-1.69075268903], [-3.82148544913, -1.69075268903, 0.897211835125 ]])}
{'elname':'single', 'pos':Position([ .11956769868391911065, -19.65529599536790322787, .89229373449952114338]), 'crg':'0.0', 'pol':Polarizability(noniso =[ [0.106835861516,-0.104407025011,-0.00493566364468], [-0.104407025011,0.102442986454,0.00483292287299], [-0.00493566364468, 0.00483292287299, 0.000437766186035 ]])}
{'elname':'single', 'pos':Position([ -.81257185683736941047, -21.78112643553048014917, 1.00635760573206857740]), 'crg':'0.0', 'pol':Polarizability(noniso =[ [0.0116136485359,0.0467955839073,-0.00803960007701], [0.0467955839073,0.192226078791,-0.0329889702529], [-0.00803960007701, -0.0329889702529, 0.00587688682974 ]])}
