{'elname':'H', 'pos':Position([ -.24736515481014677125, -30.10691881660812295011, -1.80880619951124122505]), 'crg':0.2621320, 'pol':Polarizability(iso=0.00057735)}
{'elname':'C', 'pos':Position([ .30075180865691114431, -28.17785989267867171903, -1.41365123062747223425]), 'crg':-0.1708220, 'pol':Polarizability(iso=7.02210054)}
{'elname':'C', 'pos':Position([ 2.65409016110293489591, -27.25171076909587185540, -.87909305238396514437]), 'crg':-0.5947780, 'pol':Polarizability(iso=7.02210054)}
{'elname':'C', 'pos':Position([ 2.66008059304142355339, -24.59839917517232412885, -.44054430160634282807]), 'crg':0.5228360, 'pol':Polarizability(iso=7.02210054)}
{'elname':'S', 'pos':Position([ -1.96198551260333967525, -25.80465295934896665993, -1.41665967467986149063]), 'crg':-0.0609730, 'pol':Polarizability(iso=8.89471598216)}
{'elname':'H', 'pos':Position([ 4.33324413825841324985, -28.42304619322223255272, -.78447635310062489464]), 'crg':0.2460030, 'pol':Polarizability(iso=0.00057735)}
{'elname':'H', 'pos':Position([ 4.34198223203871973320, -23.53269755386286483998, .04802172126841443660]), 'crg':0.2486070, 'pol':Polarizability(iso=0.00057735)}
{'elname':'C', 'pos':Position([ .30360340543772483017, -23.50226540372487703551, -.64436071697722426438]), 'crg':-0.3334800, 'pol':Polarizability(iso=7.02210054)}
{'elname':'C', 'pos':Position([ -.41197353173946269793, -20.88313139719549519518, -.32428645829790096776]), 'crg':-0.1808530, 'pol':Polarizability(iso=7.02210054)}
{'elname':'C', 'pos':Position([ -2.77926184272489442099, -19.85652254103162418940, .05361531071255526504]), 'crg':0.0526480, 'pol':Polarizability(iso=7.02210054)}
{'elname':'C', 'pos':Position([ -2.77416147180944303722, -17.19495851295180517981, .31387217741051579697]), 'crg':-0.1185480, 'pol':Polarizability(iso=7.02210054)}
{'elname':'S', 'pos':Position([ 1.87622784957477381867, -18.47981167744944415594, -.40569397169794919357]), 'crg':-0.2830930, 'pol':Polarizability(iso=8.89471598216)}
{'elname':'H', 'pos':Position([ -4.47530619233028180352, -21.00010922617225383104, .18981165477273019321]), 'crg':0.2552120, 'pol':Polarizability(iso=0.00057735)}
{'elname':'H', 'pos':Position([ -4.46733910682470824517, -16.09428750898564790773, .66716593231907950682]), 'crg':0.2530540, 'pol':Polarizability(iso=0.00057735)}
{'elname':'C', 'pos':Position([ -.40025533979922037457, -16.12347243985568539234, .14307116784321017609]), 'crg':-0.0871050, 'pol':Polarizability(iso=7.02210054)}
{'elname':'C', 'pos':Position([ .32349466303536887076, -13.50285877774023521799, .33849719904788036975]), 'crg':-0.0446530, 'pol':Polarizability(iso=7.02210054)}
{'elname':'C', 'pos':Position([ 2.70425294211466404826, -12.46654617772647801152, .61312354349355943528]), 'crg':-0.0767180, 'pol':Polarizability(iso=7.02210054)}
{'elname':'C', 'pos':Position([ 2.71130162070474691653, -9.79905785812389498262, .76179774941172824528]), 'crg':-0.0454480, 'pol':Polarizability(iso=7.02210054)}
{'elname':'S', 'pos':Position([ -1.96198551260333967525, -11.09489033163182389566, .22025892272002648640]), 'crg':-0.2876400, 'pol':Polarizability(iso=8.89471598216)}
{'elname':'H', 'pos':Position([ 4.40236276241682370291, -13.60714520580251756878, .74829754569924781339]), 'crg':0.2542090, 'pol':Polarizability(iso=0.00057735)}
{'elname':'H', 'pos':Position([ 4.41628626478994181911, -8.69034606933178526966, 1.02031606803921257378]), 'crg':0.2532760, 'pol':Polarizability(iso=0.00057735)}
{'elname':'C', 'pos':Position([ .33582701597876854860, -8.72565749242408781028, .60486166070647034679]), 'crg':-0.0159700, 'pol':Polarizability(iso=7.02210054)}
{'elname':'C', 'pos':Position([ -.37344768444294274205, -6.09741311606017795173, .70237531019854974855]), 'crg':-0.1213740, 'pol':Polarizability(iso=7.02210054)}
{'elname':'C', 'pos':Position([ -2.74968006936050910734, -5.03838033838192575190, .93297292475941896211]), 'crg':-0.0556890, 'pol':Polarizability(iso=7.02210054)}
{'elname':'C', 'pos':Position([ -2.74287705517168918086, -2.36787412609613566117, .98240627147201353346]), 'crg':-0.0783540, 'pol':Polarizability(iso=7.02210054)}
{'elname':'S', 'pos':Position([ 1.92538907571981559296, -3.70666763420646240994, .50263881361479670703]), 'crg':-0.2808210, 'pol':Polarizability(iso=8.89471598216)}
{'elname':'H', 'pos':Position([ -4.45503509977376198369, -6.16343447903651177715, 1.10299158769501029144]), 'crg':0.2537390, 'pol':Polarizability(iso=0.00057735)}
{'elname':'H', 'pos':Position([ -4.44267818039023601168, -1.24141024972353306227, 1.19388552643613519252]), 'crg':0.2534700, 'pol':Polarizability(iso=0.00057735)}
{'elname':'C', 'pos':Position([ -.36122682534319316856, -1.31305354803646113249, .79102425425736407388]), 'crg':-0.0188680, 'pol':Polarizability(iso=7.02210054)}
{'elname':'C', 'pos':Position([ .36122682534319316856, 1.31305354803646113249, .79102425425736407388]), 'crg':-0.0188680, 'pol':Polarizability(iso=7.02210054)}
{'elname':'C', 'pos':Position([ 2.74287705517168918086, 2.36787412609613566117, .98240627147201353346]), 'crg':-0.0783540, 'pol':Polarizability(iso=7.02210054)}
{'elname':'C', 'pos':Position([ 2.74968006936050910734, 5.03838033838192575190, .93297292475941896211]), 'crg':-0.0556890, 'pol':Polarizability(iso=7.02210054)}
{'elname':'S', 'pos':Position([ -1.92538907571981559296, 3.70666763420646240994, .50263881361479670703]), 'crg':-0.2808210, 'pol':Polarizability(iso=8.89471598216)}
{'elname':'H', 'pos':Position([ 4.44267818039023601168, 1.24141024972353306227, 1.19388552643613519252]), 'crg':0.2534700, 'pol':Polarizability(iso=0.00057735)}
{'elname':'H', 'pos':Position([ 4.45503509977376198369, 6.16343447903651177715, 1.10299158769501029144]), 'crg':0.2537390, 'pol':Polarizability(iso=0.00057735)}
{'elname':'C', 'pos':Position([ .37344768444294274205, 6.09741311606017795173, .70237531019854974855]), 'crg':-0.1213740, 'pol':Polarizability(iso=7.02210054)}
{'elname':'C', 'pos':Position([ -.33582701597876854860, 8.72565749242408781028, .60486166070647034679]), 'crg':-0.0159700, 'pol':Polarizability(iso=7.02210054)}
{'elname':'C', 'pos':Position([ -2.71130162070474691653, 9.79905785812389498262, .76179774941172824528]), 'crg':-0.0454480, 'pol':Polarizability(iso=7.02210054)}
{'elname':'C', 'pos':Position([ -2.70425294211466404826, 12.46654617772647801152, .61312354349355943528]), 'crg':-0.0767180, 'pol':Polarizability(iso=7.02210054)}
{'elname':'S', 'pos':Position([ 1.96198551260333967525, 11.09489033163182389566, .22025892272002648640]), 'crg':-0.2876400, 'pol':Polarizability(iso=8.89471598216)}
{'elname':'H', 'pos':Position([ -4.41628626478994181911, 8.69034606933178526966, 1.02031606803921257378]), 'crg':0.2532760, 'pol':Polarizability(iso=0.00057735)}
{'elname':'H', 'pos':Position([ -4.40236276241682370291, 13.60714520580251756878, .74829754569924781339]), 'crg':0.2542090, 'pol':Polarizability(iso=0.00057735)}
{'elname':'C', 'pos':Position([ -.32349466303536887076, 13.50285877774023521799, .33849719904788036975]), 'crg':-0.0446530, 'pol':Polarizability(iso=7.02210054)}
{'elname':'C', 'pos':Position([ .40025533979922037457, 16.12347243985568539234, .14307116784321017609]), 'crg':-0.0871050, 'pol':Polarizability(iso=7.02210054)}
{'elname':'C', 'pos':Position([ 2.77416147180944303722, 17.19495851295180517981, .31387217741051579697]), 'crg':-0.1185480, 'pol':Polarizability(iso=7.02210054)}
{'elname':'C', 'pos':Position([ 2.77926184272489442099, 19.85652254103162418940, .05361531071255526504]), 'crg':0.0526480, 'pol':Polarizability(iso=7.02210054)}
{'elname':'S', 'pos':Position([ -1.87622784957477381867, 18.47981167744944415594, -.40569397169794919357]), 'crg':-0.2830930, 'pol':Polarizability(iso=8.89471598216)}
{'elname':'H', 'pos':Position([ 4.46733910682470824517, 16.09428750898564790773, .66716593231907950682]), 'crg':0.2530540, 'pol':Polarizability(iso=0.00057735)}
{'elname':'H', 'pos':Position([ 4.47530619233028180352, 21.00010922617225383104, .18981165477273019321]), 'crg':0.2552120, 'pol':Polarizability(iso=0.00057735)}
{'elname':'C', 'pos':Position([ .41197353173946269793, 20.88313139719549519518, -.32428645829790096776]), 'crg':-0.1808530, 'pol':Polarizability(iso=7.02210054)}
{'elname':'C', 'pos':Position([ -.30360340543772483017, 23.50226540372487703551, -.64436071697722426438]), 'crg':-0.3334800, 'pol':Polarizability(iso=7.02210054)}
{'elname':'C', 'pos':Position([ -2.66008059304142355339, 24.59839917517232412885, -.44054430160634282807]), 'crg':0.5228360, 'pol':Polarizability(iso=7.02210054)}
{'elname':'C', 'pos':Position([ -2.65409016110293489591, 27.25171076909587185540, -.87909305238396514437]), 'crg':-0.5947780, 'pol':Polarizability(iso=7.02210054)}
{'elname':'S', 'pos':Position([ 1.96198551260333967525, 25.80465295934896665993, -1.41665967467986149063]), 'crg':-0.0609730, 'pol':Polarizability(iso=8.89471598216)}
{'elname':'H', 'pos':Position([ -4.34198223203871973320, 23.53269755386286483998, .04802172126841443660]), 'crg':0.2486070, 'pol':Polarizability(iso=0.00057735)}
{'elname':'H', 'pos':Position([ -4.33324413825841324985, 28.42304619322223255272, -.78447635310062489464]), 'crg':0.2460030, 'pol':Polarizability(iso=0.00057735)}
{'elname':'C', 'pos':Position([ -.30075180865691114431, 28.17785989267867171903, -1.41365123062747223425]), 'crg':-0.1708220, 'pol':Polarizability(iso=7.02210054)}
{'elname':'H', 'pos':Position([ .24736515481014677125, 30.10691881660812295011, -1.80880619951124122505]), 'crg':0.2621320, 'pol':Polarizability(iso=0.00057735)}
{'elname':'single', 'pos':Position([ .02669332692338218653, -29.14238935464339733457, -1.61122871506935672965]), 'crg':'0.0', 'pol':Polarizability(noniso =[ [0.0152450258735,-0.0529171817886,-0.0108397348903], [-0.0529171817886,0.186447580287,0.0381496810295], [-0.0108397348903, 0.0381496810295, 0.00802400799567 ]])}
{'elname':'pi', 'pos':Position([ 1.47742098487992302011, -27.71478533088727178721, -1.14637214150571868931]), 'crg':'0.0', 'pol':Polarizability(noniso =[ [17.2625916851,-6.78544558226,-3.91644858983], [-6.78544558226,2.69121399213,1.54130638514], [-3.91644858983, 1.54130638514, 0.91043952278 ]])}
{'elname':'single', 'pos':Position([ -.83061685197321426547, -26.99125642601381918948, -1.41515545265366686244]), 'crg':'0.0', 'pol':Polarizability(noniso =[ [0.0997740403089,0.104425615161,-0.000132377255618], [0.104425615161,0.109733099826,-0.000138840075644], [-0.000132377255618, -0.000138840075644, 0.000209474021567 ]])}
{'elname':'pi', 'pos':Position([ 2.65708537707217922465, -25.92505497213409799212, -.65981867699515398622]), 'crg':'0.0', 'pol':Polarizability(noniso =[ [0.0209258126394,-0.0457154501544,-0.00755601174109], [-0.0457154501544,20.2693347543,3.34674590452], [-0.00755601174109, 3.34674590452, 0.573984633045 ]])}
{'elname':'single', 'pos':Position([ 3.49366714968067407288, -27.83737848115905220406, -.83178470274229501950]), 'crg':'0.0', 'pol':Polarizability(noniso =[ [0.14055749148,0.0979033566612,-0.00790831751968], [0.0979033566612,0.0685042080492,-0.0055166426558], [-0.00790831751968, -0.0055166426558, 0.000654914626708 ]])}
{'elname':'single', 'pos':Position([ 3.50103141254007164329, -24.06554836451759448441, -.19626129016896419573]), 'crg':'0.0', 'pol':Polarizability(noniso =[ [0.140927643718,-0.0891632219648,-0.0408764703656], [-0.0891632219648,0.0567056994758,0.0259005162561], [-0.0408764703656, 0.0259005162561, 0.012083270962 ]])}
{'elname':'pi', 'pos':Position([ 1.48184199923957419178, -24.05033228944860058218, -.54245250929178354622]), 'crg':'0.0', 'pol':Polarizability(noniso =[ [17.0177848696,7.90626977155,-1.47010119181], [7.90626977155,3.6984857441,-0.683829053075], [-1.47010119181, -0.683829053075, 0.147974586331 ]])}
{'elname':'single', 'pos':Position([ -.82919105358280742254, -24.65345918153692184772, -1.03051019582854287750]), 'crg':'0.0', 'pol':Polarizability(noniso =[ [0.0975074135494,-0.098878471995,-0.033167196667], [-0.098878471995,0.100693795284,0.0337059120712], [-0.033167196667, 0.0337059120712, 0.0115154053229 ]])}
{'elname':'pi', 'pos':Position([ -.05418506315086893388, -22.19269840046018611534, -.48432358763756261607]), 'crg':'0.0', 'pol':Polarizability(noniso =[ [1.44590197546,5.21603430793,0.637431422064], [5.21603430793,19.1124004938,2.33310805256], [0.637431422064, 2.33310805256, 0.305942730731 ]])}
{'elname':'pi', 'pos':Position([ -1.59561768723217855946, -20.36982696911355969229, -.13533557379267285136]), 'crg':'0.0', 'pol':Polarizability(noniso =[ [17.1621094777,7.43356727317,2.73634715473], [7.43356727317,3.24449669162,1.186656568], [2.73634715473, 1.186656568, 0.457639030682 ]])}
{'elname':'single', 'pos':Position([ .73212715891765556037, -19.68147153732246967556, -.36499021499792508066]), 'crg':'0.0', 'pol':Polarizability(noniso =[ [0.0995664289597,-0.104355741605,0.00353483615322], [-0.104355741605,0.109815128046,-0.00371267210241], [0.00353483615322, -0.00371267210241, 0.000335057150974 ]])}
{'elname':'pi', 'pos':Position([ -2.77671165726716872910, -18.52574052699171468460, .18374374406153553100]), 'crg':'0.0', 'pol':Polarizability(noniso =[ [0.0208982651202,-0.0394848856044,-0.00386096764944], [-0.0394848856044,20.625510557,2.01479711568], [-0.00386096764944, 2.01479711568, 0.217836377924 ]])}
{'elname':'single', 'pos':Position([ -3.62728401752758811225, -20.42831588360193901022, .12171348274264272912]), 'crg':'0.0', 'pol':Polarizability(noniso =[ [0.143314458843,-0.0964910832266,0.0114916804652], [-0.0964910832266,0.0652700483685,-0.00774846057117], [0.0114916804652, -0.00774846057117, 0.00113210694516 ]])}
{'elname':'single', 'pos':Position([ -3.62075028931707564119, -16.64462301096872654377, .49051905486479765189]), 'crg':'0.0', 'pol':Polarizability(noniso =[ [0.142823054267,0.0927078311356,0.0297573913125], [0.0927078311356,0.0604751670335,0.019344159227], [0.0297573913125, 0.019344159227, 0.00641839285593 ]])}
{'elname':'pi', 'pos':Position([ -1.58720840580433170589, -16.65921547640374528607, .22847167262686298653]), 'crg':'0.0', 'pol':Polarizability(noniso =[ [17.2279817261,-7.76662190325,1.23804396092], [-7.76662190325,3.52636441234,-0.5588034186], [1.23804396092, -0.5588034186, 0.109899061601 ]])}
{'elname':'single', 'pos':Position([ .73798625488777672205, -17.30164205865256477414, -.13131140192736950874]), 'crg':'0.0', 'pol':Polarizability(noniso =[ [0.0983962035748,0.101631173584,0.0236687673251], [0.101631173584,0.105405560041,0.0244990366782], [0.0236687673251, 0.0244990366782, 0.00591485054079 ]])}
{'elname':'pi', 'pos':Position([ -.03838033838192575190, -14.81316560879796030516, .24078418344554527292]), 'crg':'0.0', 'pol':Polarizability(noniso =[ [1.48742003144,-5.31037685749,-0.396008724393], [-5.31037685749,19.2490728096,1.43390102853], [-0.396008724393, 1.43390102853, 0.127752358932 ]])}
{'elname':'pi', 'pos':Position([ 1.51387380257501645951, -12.98470247773335661475, .47581037127071990251]), 'crg':'0.0', 'pol':Polarizability(noniso =[ [17.315559848,-7.52817044953,-1.99499063399], [-7.52817044953,3.29773565768,0.868393044807], [-1.99499063399, 0.868393044807, 0.250949694309 ]])}
{'elname':'single', 'pos':Position([ -.81924542478398540224, -12.29887455468602955682, .27937806088395342807]), 'crg':'0.0', 'pol':Polarizability(noniso =[ [0.0991751037187,0.104269789741,-0.00511995089967], [0.104269789741,0.110067334091,-0.00539435009914], [-0.00511995089967, -0.00539435009914, 0.000474176346846 ]])}
{'elname':'pi', 'pos':Position([ 2.70777728140970548239, -11.13280201792518649707, .68746064645264384028]), 'crg':'0.0', 'pol':Polarizability(noniso =[ [0.0209673973974,-0.0547968475546,-0.00305413813329], [-0.0547968475546,20.7580358145,1.15580213977], [-0.00305413813329, 1.15580213977, 0.0852419881063 ]])}
{'elname':'single', 'pos':Position([ 3.55330785226574387558, -13.03684569176449779015, .68071054459640362433]), 'crg':'0.0', 'pol':Polarizability(noniso =[ [0.143666338046,0.096358291125,-0.011419557212], [0.096358291125,0.0649319513414,-0.00767037308267], [-0.011419557212, -0.00767037308267, 0.00111832476851 ]])}
{'elname':'single', 'pos':Position([ 3.56379394274734436782, -9.24470196372784012614, .89105690872547040953]), 'crg':'0.0', 'pol':Polarizability(noniso =[ [0.144822314561,-0.0940384752498,-0.0219269504966], [-0.0940384752498,0.0613603274254,0.0142585850214], [-0.0219269504966, 0.0142585850214, 0.00353397216969 ]])}
{'elname':'pi', 'pos':Position([ 1.52356431834175773256, -9.26235767527399139645, .68332970505909929603]), 'crg':'0.0', 'pol':Polarizability(noniso =[ [17.233013607,7.77763402928,-1.13712599971], [7.77763402928,3.53528459201,-0.513830567377], [-1.13712599971, -0.513830567377, 0.0959470009953 ]])}
{'elname':'single', 'pos':Position([ -.81307924831228556332, -9.91027391202795585297, .41256029171324841659]), 'crg':'0.0', 'pol':Polarizability(noniso =[ [0.100196963151,-0.103095468757,-0.0167357124643], [-0.103095468757,0.106509166747,0.0172558897058], [-0.0167357124643, 0.0172558897058, 0.00301048425758 ]])}
{'elname':'pi', 'pos':Position([ -.01881033423208709672, -7.41153530424213288100, .65361848545251004767]), 'crg':'0.0', 'pol':Polarizability(noniso =[ [1.43112083142,5.22591373063,0.193892898388], [5.22591373063,19.3856446721,0.718477508787], [0.193892898388, 0.718477508787, 0.0474796964975 ]])}
{'elname':'pi', 'pos':Position([ -1.56156387690172592469, -5.56789672722105185181, .81767411747898435533]), 'crg':'0.0', 'pol':Polarizability(noniso =[ [17.2401862635,7.67427910089,1.67102519529], [7.67427910089,3.4410744089,0.744737958026], [1.67102519529, 0.744737958026, 0.182984527575 ]])}
{'elname':'single', 'pos':Position([ .77597069563843642545, -4.90204037513332018083, .60250706190667322779]), 'crg':'0.0', 'pol':Polarizability(noniso =[ [0.100294431465,-0.104086590547,0.00869598671], [-0.104086590547,0.108457326057,-0.00904365690399], [0.00869598671, -0.00904365690399, 0.000964856633631 ]])}
{'elname':'pi', 'pos':Position([ -2.74627856226609914410, -3.70312723223903070653, .95768959811571624778]), 'crg':'0.0', 'pol':Polarizability(noniso =[ [0.0209575473652,-0.0529732508213,-0.000980580034712], [-0.0529732508213,20.8153397768,0.384924241176], [-0.000980580034712, 0.384924241176, 0.0279478758689 ]])}
{'elname':'single', 'pos':Position([ -3.60235758456713554551, -5.60090740870921876452, 1.01798225622721462677]), 'crg':'0.0', 'pol':Polarizability(noniso =[ [0.14489056486,-0.0954488979904,0.014424278289], [-0.0954488979904,0.0631786949999,-0.0095159622047], [0.014424278289, -0.0095159622047, 0.00164735429659 ]])}
{'elname':'single', 'pos':Position([ -3.59277761778096259627, -1.80464218790983436172, 1.08814589895407436299]), 'crg':'0.0', 'pol':Polarizability(noniso =[ [0.14394700895,0.0952554605563,0.0178830002916], [0.0952554605563,0.0633354095096,0.0118511239526], [0.0178830002916, 0.0118511239526, 0.00243419569709 ]])}
{'elname':'pi', 'pos':Position([ -1.55205194025744117471, -1.84046383706629839683, .88671526286468880367]), 'crg':'0.0', 'pol':Polarizability(noniso =[ [17.3179716551,-7.66081792219,1.38994518875], [-7.66081792219,3.41375926546,-0.615599540647], [1.38994518875, -0.615599540647, 0.132514279453 ]])}
{'elname':'single', 'pos':Position([ .78208112518831121220, -2.50986059112146177121, .64683153393608039045]), 'crg':'0.0', 'pol':Polarizability(noniso =[ [0.0992245439313,0.103648490878,0.0124876920998], [0.103648490878,0.108707838442,0.0130720317741], [0.0124876920998, 0.0130720317741, 0.00178423178253 ]])}
{'elname':'pi', 'pos':Position([ 0, 0, .79102425425736407388]), 'crg':'0.0', 'pol':Polarizability(noniso =[ [1.48438579664,-5.32002806354,0.0], [-5.32002806354,19.3590368034,0.0], [0.0, 0.0, 0.0208226 ]])}
{'elname':'pi', 'pos':Position([ 1.55205194025744117471, 1.84046383706629839683, .88671526286468880367]), 'crg':'0.0', 'pol':Polarizability(noniso =[ [17.3179716551,-7.66081792219,-1.38994518875], [-7.66081792219,3.41375926546,0.615599540647], [-1.38994518875, 0.615599540647, 0.132514279453 ]])}
{'elname':'single', 'pos':Position([ -.78208112518831121220, 2.50986059112146177121, .64683153393608039045]), 'crg':'0.0', 'pol':Polarizability(noniso =[ [0.0992245439313,0.103648490878,-0.0124876920998], [0.103648490878,0.108707838442,-0.0130720317741], [-0.0124876920998, -0.0130720317741, 0.00178423178253 ]])}
{'elname':'pi', 'pos':Position([ 2.74627856226609914410, 3.70312723223903070653, .95768959811571624778]), 'crg':'0.0', 'pol':Polarizability(noniso =[ [0.0209575473652,-0.0529732508213,0.000980580034712], [-0.0529732508213,20.8153397768,-0.384924241176], [0.000980580034712, -0.384924241176, 0.0279478758689 ]])}
{'elname':'single', 'pos':Position([ 3.59277761778096259627, 1.80464218790983436172, 1.08814589895407436299]), 'crg':'0.0', 'pol':Polarizability(noniso =[ [0.14394700895,0.0952554605563,-0.0178830002916], [0.0952554605563,0.0633354095096,-0.0118511239526], [-0.0178830002916, -0.0118511239526, 0.00243419569709 ]])}
{'elname':'single', 'pos':Position([ 3.60235758456713554551, 5.60090740870921876452, 1.01798225622721462677]), 'crg':'0.0', 'pol':Polarizability(noniso =[ [0.14489056486,-0.0954488979904,-0.014424278289], [-0.0954488979904,0.0631786949999,0.0095159622047], [-0.014424278289, 0.0095159622047, 0.00164735429659 ]])}
{'elname':'pi', 'pos':Position([ 1.56156387690172592469, 5.56789672722105185181, .81767411747898435533]), 'crg':'0.0', 'pol':Polarizability(noniso =[ [17.2401862635,7.67427910089,-1.67102519529], [7.67427910089,3.4410744089,-0.744737958026], [-1.67102519529, -0.744737958026, 0.182984527575 ]])}
{'elname':'single', 'pos':Position([ -.77597069563843642545, 4.90204037513332018083, .60250706190667322779]), 'crg':'0.0', 'pol':Polarizability(noniso =[ [0.100294431465,-0.104086590547,-0.00869598671], [-0.104086590547,0.108457326057,0.00904365690399], [-0.00869598671, 0.00904365690399, 0.000964856633631 ]])}
{'elname':'pi', 'pos':Position([ .01881033423208709672, 7.41153530424213288100, .65361848545251004767]), 'crg':'0.0', 'pol':Polarizability(noniso =[ [1.43112083142,5.22591373063,-0.193892898388], [5.22591373063,19.3856446721,-0.718477508787], [-0.193892898388, -0.718477508787, 0.0474796964975 ]])}
{'elname':'pi', 'pos':Position([ -1.52356431834175773256, 9.26235767527399139645, .68332970505909929603]), 'crg':'0.0', 'pol':Polarizability(noniso =[ [17.233013607,7.77763402928,1.13712599971], [7.77763402928,3.53528459201,0.513830567377], [1.13712599971, 0.513830567377, 0.0959470009953 ]])}
{'elname':'single', 'pos':Position([ .81307924831228556332, 9.91027391202795585297, .41256029171324841659]), 'crg':'0.0', 'pol':Polarizability(noniso =[ [0.100196963151,-0.103095468757,0.0167357124643], [-0.103095468757,0.106509166747,-0.0172558897058], [0.0167357124643, -0.0172558897058, 0.00301048425758 ]])}
{'elname':'pi', 'pos':Position([ -2.70777728140970548239, 11.13280201792518649707, .68746064645264384028]), 'crg':'0.0', 'pol':Polarizability(noniso =[ [0.0209673973974,-0.0547968475546,0.00305413813329], [-0.0547968475546,20.7580358145,-1.15580213977], [0.00305413813329, -1.15580213977, 0.0852419881063 ]])}
{'elname':'single', 'pos':Position([ -3.56379394274734436782, 9.24470196372784012614, .89105690872547040953]), 'crg':'0.0', 'pol':Polarizability(noniso =[ [0.144822314561,-0.0940384752498,0.0219269504966], [-0.0940384752498,0.0613603274254,-0.0142585850214], [0.0219269504966, -0.0142585850214, 0.00353397216969 ]])}
{'elname':'single', 'pos':Position([ -3.55330785226574387558, 13.03684569176449779015, .68071054459640362433]), 'crg':'0.0', 'pol':Polarizability(noniso =[ [0.143666338046,0.096358291125,0.011419557212], [0.096358291125,0.0649319513414,0.00767037308267], [0.011419557212, 0.00767037308267, 0.00111832476851 ]])}
{'elname':'pi', 'pos':Position([ -1.51387380257501645951, 12.98470247773335661475, .47581037127071990251]), 'crg':'0.0', 'pol':Polarizability(noniso =[ [17.315559848,-7.52817044953,1.99499063399], [-7.52817044953,3.29773565768,-0.868393044807], [1.99499063399, -0.868393044807, 0.250949694309 ]])}
{'elname':'single', 'pos':Position([ .81924542478398540224, 12.29887455468602955682, .27937806088395342807]), 'crg':'0.0', 'pol':Polarizability(noniso =[ [0.0991751037187,0.104269789741,0.00511995089967], [0.104269789741,0.110067334091,0.00539435009914], [0.00511995089967, 0.00539435009914, 0.000474176346846 ]])}
{'elname':'pi', 'pos':Position([ .03838033838192575190, 14.81316560879796030516, .24078418344554527292]), 'crg':'0.0', 'pol':Polarizability(noniso =[ [1.48742003144,-5.31037685749,0.396008724393], [-5.31037685749,19.2490728096,-1.43390102853], [0.396008724393, -1.43390102853, 0.127752358932 ]])}
{'elname':'pi', 'pos':Position([ 1.58720840580433170589, 16.65921547640374528607, .22847167262686298653]), 'crg':'0.0', 'pol':Polarizability(noniso =[ [17.2279817261,-7.76662190325,-1.23804396092], [-7.76662190325,3.52636441234,0.5588034186], [-1.23804396092, 0.5588034186, 0.109899061601 ]])}
{'elname':'single', 'pos':Position([ -.73798625488777672205, 17.30164205865256477414, -.13131140192736950874]), 'crg':'0.0', 'pol':Polarizability(noniso =[ [0.0983962035748,0.101631173584,-0.0236687673251], [0.101631173584,0.105405560041,-0.0244990366782], [-0.0236687673251, -0.0244990366782, 0.00591485054079 ]])}
{'elname':'pi', 'pos':Position([ 2.77671165726716872910, 18.52574052699171468460, .18374374406153553100]), 'crg':'0.0', 'pol':Polarizability(noniso =[ [0.0208982651202,-0.0394848856044,0.00386096764944], [-0.0394848856044,20.625510557,-2.01479711568], [0.00386096764944, -2.01479711568, 0.217836377924 ]])}
{'elname':'single', 'pos':Position([ 3.62075028931707564119, 16.64462301096872654377, .49051905486479765189]), 'crg':'0.0', 'pol':Polarizability(noniso =[ [0.142823054267,0.0927078311356,-0.0297573913125], [0.0927078311356,0.0604751670335,-0.019344159227], [-0.0297573913125, -0.019344159227, 0.00641839285593 ]])}
{'elname':'single', 'pos':Position([ 3.62728401752758811225, 20.42831588360193901022, .12171348274264272912]), 'crg':'0.0', 'pol':Polarizability(noniso =[ [0.143314458843,-0.0964910832266,-0.0114916804652], [-0.0964910832266,0.0652700483685,0.00774846057117], [-0.0114916804652, 0.00774846057117, 0.00113210694516 ]])}
{'elname':'pi', 'pos':Position([ 1.59561768723217855946, 20.36982696911355969229, -.13533557379267285136]), 'crg':'0.0', 'pol':Polarizability(noniso =[ [17.1621094777,7.43356727317,-2.73634715473], [7.43356727317,3.24449669162,-1.186656568], [-2.73634715473, -1.186656568, 0.457639030682 ]])}
{'elname':'single', 'pos':Position([ -.73212715891765556037, 19.68147153732246967556, -.36499021499792508066]), 'crg':'0.0', 'pol':Polarizability(noniso =[ [0.0995664289597,-0.104355741605,-0.00353483615322], [-0.104355741605,0.109815128046,0.00371267210241], [-0.00353483615322, 0.00371267210241, 0.000335057150974 ]])}
{'elname':'pi', 'pos':Position([ .05418506315086893388, 22.19269840046018611534, -.48432358763756261607]), 'crg':'0.0', 'pol':Polarizability(noniso =[ [1.44590197546,5.21603430793,-0.637431422064], [5.21603430793,19.1124004938,-2.33310805256], [-0.637431422064, -2.33310805256, 0.305942730731 ]])}
{'elname':'pi', 'pos':Position([ -1.48184199923957419178, 24.05033228944860058218, -.54245250929178354622]), 'crg':'0.0', 'pol':Polarizability(noniso =[ [17.0177848696,7.90626977155,1.47010119181], [7.90626977155,3.6984857441,0.683829053075], [1.47010119181, 0.683829053075, 0.147974586331 ]])}
{'elname':'single', 'pos':Position([ .82919105358280742254, 24.65345918153692184772, -1.03051019582854287750]), 'crg':'0.0', 'pol':Polarizability(noniso =[ [0.0975074135494,-0.098878471995,0.033167196667], [-0.098878471995,0.100693795284,-0.0337059120712], [0.033167196667, -0.0337059120712, 0.0115154053229 ]])}
{'elname':'pi', 'pos':Position([ -2.65708537707217922465, 25.92505497213409799212, -.65981867699515398622]), 'crg':'0.0', 'pol':Polarizability(noniso =[ [0.0209258126394,-0.0457154501544,0.00755601174109], [-0.0457154501544,20.2693347543,-3.34674590452], [0.00755601174109, -3.34674590452, 0.573984633045 ]])}
{'elname':'single', 'pos':Position([ -3.50103141254007164329, 24.06554836451759448441, -.19626129016896419573]), 'crg':'0.0', 'pol':Polarizability(noniso =[ [0.140927643718,-0.0891632219648,0.0408764703656], [-0.0891632219648,0.0567056994758,-0.0259005162561], [0.0408764703656, -0.0259005162561, 0.012083270962 ]])}
{'elname':'single', 'pos':Position([ -3.49366714968067407288, 27.83737848115905220406, -.83178470274229501950]), 'crg':'0.0', 'pol':Polarizability(noniso =[ [0.14055749148,0.0979033566612,0.00790831751968], [0.0979033566612,0.0685042080492,0.0055166426558], [0.00790831751968, 0.0055166426558, 0.000654914626708 ]])}
{'elname':'pi', 'pos':Position([ -1.47742098487992302011, 27.71478533088727178721, -1.14637214150571868931]), 'crg':'0.0', 'pol':Polarizability(noniso =[ [17.2625916851,-6.78544558226,3.91644858983], [-6.78544558226,2.69121399213,-1.54130638514], [3.91644858983, -1.54130638514, 0.91043952278 ]])}
{'elname':'single', 'pos':Position([ .83061685197321426547, 26.99125642601381918948, -1.41515545265366686244]), 'crg':'0.0', 'pol':Polarizability(noniso =[ [0.0997740403089,0.104425615161,0.000132377255618], [0.104425615161,0.109733099826,0.000138840075644], [0.000132377255618, 0.000138840075644, 0.000209474021567 ]])}
{'elname':'single', 'pos':Position([ -.02669332692338218653, 29.14238935464339733457, -1.61122871506935672965]), 'crg':'0.0', 'pol':Polarizability(noniso =[ [0.0152450258735,-0.0529171817886,0.0108397348903], [-0.0529171817886,0.186447580287,-0.0381496810295], [0.0108397348903, -0.0381496810295, 0.00802400799567 ]])}
