{'elname':'H', 'pos':Position([ .26825796727447818991, .85726671519483454691, 19.09278593257608226507]), 'crg':0.2619760, 'pol':Polarizability(iso=0.00057735)}
{'elname':'C', 'pos':Position([ -.28255752515414496316, .58405388591949917721, 17.14348804143489175270]), 'crg':-0.1725590, 'pol':Polarizability(iso=7.02210054)}
{'elname':'C', 'pos':Position([ -2.64490231249570087297, .16025822730079829592, 16.18376415310410199078]), 'crg':-0.6053440, 'pol':Polarizability(iso=7.02210054)}
{'elname':'C', 'pos':Position([ -2.65227035480742556557, -.12924215177827011443, 13.50994336112742574698]), 'crg':0.5269210, 'pol':Polarizability(iso=7.02210054)}
{'elname':'S', 'pos':Position([ 1.98782940761620115152, .66375119714152461595, 14.77880566282901077370]), 'crg':-0.0595800, 'pol':Polarizability(iso=8.89471598216)}
{'elname':'H', 'pos':Position([ -4.33004672158966788440, .04189711877231294167, 17.34431868946734666572]), 'crg':0.2458730, 'pol':Polarizability(iso=0.00057735)}
{'elname':'H', 'pos':Position([ -4.34196711422941124447, -.51550217961015705136, 12.41497933017522296879]), 'crg':0.2486030, 'pol':Polarizability(iso=0.00057735)}
{'elname':'C', 'pos':Position([ -.28772970566381166837, .07730680762512065901, 12.43187348207745911955]), 'crg':-0.3462550, 'pol':Polarizability(iso=7.02210054)}
{'elname':'C', 'pos':Position([ .42942326313378580936, -.11279397525063438107, 9.80042790959247677337]), 'crg':-0.1162870, 'pol':Polarizability(iso=7.02210054)}
{'elname':'C', 'pos':Position([ 2.79093279151104771709, -.48683503370893530560, 8.75969524008215017578]), 'crg':-0.0799430, 'pol':Polarizability(iso=7.02210054)}
{'elname':'C', 'pos':Position([ 2.78945313592497938308, -.59786211499664006688, 6.08748827424915510343]), 'crg':0.0024930, 'pol':Polarizability(iso=7.02210054)}
{'elname':'S', 'pos':Position([ -1.84771188176663696017, .15488384609163055399, 7.39992955100862244253]), 'crg':-0.2740990, 'pol':Polarizability(iso=8.89471598216)}
{'elname':'H', 'pos':Position([ 4.47958453236458411284, -.72495186867461409902, 9.89755416522102615154]), 'crg':0.2549250, 'pol':Polarizability(iso=0.00057735)}
{'elname':'H', 'pos':Position([ 4.47801228019650128539, -.92750783669440028784, 4.97249881514169544719]), 'crg':0.2535510, 'pol':Polarizability(iso=0.00057735)}
{'elname':'C', 'pos':Position([ .42415092713745036634, -.31309549995729218870, 5.02184523445076620837]), 'crg':-0.1780970, 'pol':Polarizability(iso=7.02210054)}
{'elname':'C', 'pos':Position([ -.29462909588697321048, -.34484100977895495119, 2.39221568880896607034]), 'crg':-0.0086100, 'pol':Polarizability(iso=7.02210054)}
{'elname':'C', 'pos':Position([ -2.67638704010679220495, -.50814736538157728639, 1.33631796683606171996]), 'crg':-0.0642260, 'pol':Polarizability(iso=7.02210054)}
{'elname':'C', 'pos':Position([ -2.67638704010679220495, -.50814736538157728639, -1.33631796683606171996]), 'crg':-0.0642260, 'pol':Polarizability(iso=7.02210054)}
{'elname':'S', 'pos':Position([ 2.00161495997937930810, -.14153671019839857045, 0]), 'crg':-0.2864810, 'pol':Polarizability(iso=8.89471598216)}
{'elname':'H', 'pos':Position([ -4.38154553899903472787, -.66989091744693459960, 2.46293680075407632830]), 'crg':0.2538990, 'pol':Polarizability(iso=0.00057735)}
{'elname':'H', 'pos':Position([ -4.38154553899903472787, -.66989091744693459960, -2.46293680075407632830]), 'crg':0.2538990, 'pol':Polarizability(iso=0.00057735)}
{'elname':'C', 'pos':Position([ -.29462909588697321048, -.34484100977895495119, -2.39221568880896607034]), 'crg':-0.0086100, 'pol':Polarizability(iso=7.02210054)}
{'elname':'C', 'pos':Position([ .42415092713745036634, -.31309549995729218870, -5.02184523445076620837]), 'crg':-0.1780970, 'pol':Polarizability(iso=7.02210054)}
{'elname':'C', 'pos':Position([ 2.78945313592497938308, -.59786211499664006688, -6.08748827424915510343]), 'crg':0.0024930, 'pol':Polarizability(iso=7.02210054)}
{'elname':'C', 'pos':Position([ 2.79093279151104771709, -.48683503370893530560, -8.75969524008215017578]), 'crg':-0.0799430, 'pol':Polarizability(iso=7.02210054)}
{'elname':'S', 'pos':Position([ -1.84771188176663696017, .15488384609163055399, -7.39992955100862244253]), 'crg':-0.2740990, 'pol':Polarizability(iso=8.89471598216)}
{'elname':'H', 'pos':Position([ 4.47801228019650128539, -.92750783669440028784, -4.97249881514169544719]), 'crg':0.2535510, 'pol':Polarizability(iso=0.00057735)}
{'elname':'H', 'pos':Position([ 4.47958453236458411284, -.72495186867461409902, -9.89755416522102615154]), 'crg':0.2549250, 'pol':Polarizability(iso=0.00057735)}
{'elname':'C', 'pos':Position([ .42942326313378580936, -.11279397525063438107, -9.80042790959247677337]), 'crg':-0.1162870, 'pol':Polarizability(iso=7.02210054)}
{'elname':'C', 'pos':Position([ -.28772970566381166837, .07730680762512065901, -12.43187348207745911955]), 'crg':-0.3462550, 'pol':Polarizability(iso=7.02210054)}
{'elname':'C', 'pos':Position([ -2.65227035480742556557, -.12924215177827011443, -13.50994336112742574698]), 'crg':0.5269210, 'pol':Polarizability(iso=7.02210054)}
{'elname':'C', 'pos':Position([ -2.64490231249570087297, .16025822730079829592, -16.18376415310410199078]), 'crg':-0.6053440, 'pol':Polarizability(iso=7.02210054)}
{'elname':'S', 'pos':Position([ 1.98782940761620115152, .66375119714152461595, -14.77880566282901077370]), 'crg':-0.0595800, 'pol':Polarizability(iso=8.89471598216)}
{'elname':'H', 'pos':Position([ -4.34196711422941124447, -.51550217961015705136, -12.41497933017522296879]), 'crg':0.2486030, 'pol':Polarizability(iso=0.00057735)}
{'elname':'H', 'pos':Position([ -4.33004672158966788440, .04189711877231294167, -17.34431868946734666572]), 'crg':0.2458730, 'pol':Polarizability(iso=0.00057735)}
{'elname':'C', 'pos':Position([ -.28255752515414496316, .58405388591949917721, -17.14348804143489175270]), 'crg':-0.1725590, 'pol':Polarizability(iso=7.02210054)}
{'elname':'H', 'pos':Position([ .26825796727447818991, .85726671519483454691, -19.09278593257608226507]), 'crg':0.2619760, 'pol':Polarizability(iso=0.00057735)}
{'elname':'single', 'pos':Position([ -.00714977893983338662, .72066030055716686206, 18.11813698700548700888]), 'crg':'0.0', 'pol':Polarizability(noniso =[ [0.0153935956951,-0.00753164169474,-0.0537361781704], [-0.00753164169474,0.00394510640549,0.0266539584928], [-0.0537361781704, 0.0266539584928, 0.190377912056 ]])}
{'elname':'pi', 'pos':Position([ -1.46372991882492291806, .37215605661014873656, 16.66362609726949687174]), 'crg':'0.0', 'pol':Polarizability(noniso =[ [17.3957530859,-3.11699636233,-7.05872230621], [-3.11699636233,0.579999877323,1.26630790086], [-7.05872230621, 1.26630790086, 2.88849223682 ]])}
{'elname':'single', 'pos':Position([ .85263594123102809418, .62390254153051189658, 15.96114685213195126320]), 'crg':'0.0', 'pol':Polarizability(noniso =[ [0.100442492188,-0.00351848222664,0.10439615582], [-0.00351848222664,0.000332807173762,-0.00366461452041], [0.10439615582, -0.00366461452041, 0.108941314794 ]])}
{'elname':'pi', 'pos':Position([ -2.64858633365156321927, .01550803776126409074, 14.84685375711576386888]), 'crg':'0.0', 'pol':Polarizability(noniso =[ [0.0209787260065,-0.00613440261872,-0.0566572428004], [-0.00613440261872,0.26185160179,2.2261399398], [-0.0566572428004, 2.2261399398, 20.5814148722 ]])}
{'elname':'single', 'pos':Position([ -3.48747451704268437868, .10107767303655561879, 16.76404142128572432825]), 'crg':'0.0', 'pol':Polarizability(noniso =[ [0.141558288411,-0.00992806497887,0.0973466790889], [-0.00992806497887,0.000906625066235,-0.00683743232114], [0.0973466790889, -0.00683743232114, 0.0672517006792 ]])}
{'elname':'single', 'pos':Position([ -3.49711873451841840502, -.32237216569421358289, 12.96246134565132435788]), 'crg':'0.0', 'pol':Polarizability(noniso =[ [0.142234760754,-0.0324666298159,-0.0920359066254], [-0.0324666298159,0.00763108022038,0.0210391548995], [-0.0920359066254, 0.0210391548995, 0.0598507731816 ]])}
{'elname':'pi', 'pos':Position([ -1.47000003023561861697, -.02596767207657472771, 12.97090842160244243326]), 'crg':'0.0', 'pol':Polarizability(noniso =[ [17.134520565,-1.4949273583,7.80268349451], [-1.4949273583,0.151408509086,-0.681585303653], [7.80268349451, -0.681585303653, 3.57831612596 ]])}
{'elname':'single', 'pos':Position([ .85004985097619474157, .37052900238332263748, 13.60533957245323494662]), 'crg':'0.0', 'pol':Polarizability(noniso =[ [0.0983669967237,-0.0252966540653,-0.10123642165], [-0.0252966540653,0.00672861046469,0.0260900853529], [-0.10123642165, 0.0260900853529, 0.104621006968 ]])}
{'elname':'pi', 'pos':Position([ .07084677873498707049, -.01774358381275686103, 11.11615069583496794646]), 'crg':'0.0', 'pol':Polarizability(noniso =[ [1.45207296109,0.379391602589,5.25167933434], [0.379391602589,0.121390601259,1.39209958866], [5.25167933434, 1.39209958866, 19.2907816377 ]])}
{'elname':'pi', 'pos':Position([ 1.61017802732241676322, -.29981450447978484333, 9.28006157483731347457]), 'crg':'0.0', 'pol':Polarizability(noniso =[ [17.0811107985,2.70219034845,7.51858041057], [2.70219034845,0.448824319216,1.19087293152], [7.51858041057, 1.19087293152, 3.3343100823 ]])}
{'elname':'single', 'pos':Position([ -.70914430931642557540, .02104493542049808646, 8.60017873030054960795]), 'crg':'0.0', 'pol':Polarizability(noniso =[ [0.0985992460956,0.0115657636756,-0.103720198333], [0.0115657636756,0.00156885650975,-0.0121923359627], [-0.103720198333, -0.0121923359627, 0.109548511551 ]])}
{'elname':'pi', 'pos':Position([ 2.79019296371801355008, -.54234857435278768624, 7.42359175716565263960]), 'crg':'0.0', 'pol':Polarizability(noniso =[ [0.020828966963,-0.000477749906554,-0.0114985156181], [-0.000477749906554,0.0566709272794,0.862799857102], [-0.0114985156181, 0.862799857102, 20.7867453058 ]])}
{'elname':'single', 'pos':Position([ 3.63525866193781591496, -.60589345119177470231, 9.32862470265158816366]), 'crg':'0.0', 'pol':Polarizability(noniso =[ [0.142067607825,0.0200034447172,-0.0955879415592], [0.0200034447172,0.00302998438538,-0.0134788586387], [-0.0955879415592, -0.0134788586387, 0.0646190219461 ]])}
{'elname':'single', 'pos':Position([ 3.63373270806074033423, -.76268497584552017736, 5.52999354469542527531]), 'crg':'0.0', 'pol':Polarizability(noniso =[ [0.142047578684,0.027690106416,0.0936586606262], [0.027690106416,0.00561504595674,0.0182843324619], [0.0936586606262, 0.0182843324619, 0.0620539895154 ]])}
{'elname':'pi', 'pos':Position([ 1.60680203153121487471, -.45547880747696612779, 5.55466675434996065590]), 'crg':'0.0', 'pol':Polarizability(noniso =[ [17.1068482746,2.05704356837,-7.69779196514], [2.05704356837,0.268476930079,-0.926762826774], [-7.69779196514, -0.926762826774, 3.48891999533 ]])}
{'elname':'single', 'pos':Position([ -.71178047731459329691, -.07910582693283081735, 6.21088739272969432545]), 'crg':'0.0', 'pol':Polarizability(noniso =[ [0.0979998456045,0.0201438028431,0.102362768831], [0.0201438028431,0.00435870512339,0.0210856313283], [0.102362768831, 0.0210856313283, 0.107358063428 ]])}
{'elname':'pi', 'pos':Position([ .06476091562523857793, -.32896825486812356994, 3.70703046162986613935]), 'crg':'0.0', 'pol':Polarizability(noniso =[ [1.46676650132,-0.0638612994942,-5.28993110888], [-0.0638612994942,0.0236430867211,0.233634150357], [-5.28993110888, 0.233634150357, 19.373835612 ]])}
{'elname':'pi', 'pos':Position([ -1.48550806799688270771, -.42649418758026611879, 1.86426682782251389515]), 'crg':'0.0', 'pol':Polarizability(noniso =[ [17.337741556,-1.18734270702,-7.67705858674], [-1.18734270702,0.10223331212,0.52638113902], [-7.67705858674, 0.52638113902, 3.4242703319 ]])}
{'elname':'single', 'pos':Position([ .85349293204620304881, -.24318885998867676082, 1.19610784440448303517]), 'crg':'0.0', 'pol':Polarizability(noniso =[ [0.10009995901,-0.00884409512818,0.104065596068], [-0.00884409512818,0.000992334368661,-0.00921373451785], [0.104065596068, -0.00921373451785, 0.108624320778 ]])}
{'elname':'pi', 'pos':Position([ -2.67638704010679220495, -.50814736538157728639, 0]), 'crg':'0.0', 'pol':Polarizability(noniso =[ [0.0208226,0.0,-4.61892244452e-15], [0.0,0.0208226,0.0], [-4.61892244452e-15, 0.0, 20.8226 ]])}
{'elname':'single', 'pos':Position([ -3.52896628955291346641, -.58901914141425594299, 1.89962738379506902413]), 'crg':'0.0', 'pol':Polarizability(noniso =[ [0.144853518692,-0.0137202905494,0.0955681852067], [-0.0137202905494,0.00151074215382,-0.00906516183089], [0.0955681852067, -0.00906516183089, 0.0633523533101 ]])}
{'elname':'single', 'pos':Position([ -3.52896628955291346641, -.58901914141425594299, -1.89962738379506902413]), 'crg':'0.0', 'pol':Polarizability(noniso =[ [0.144853518692,-0.0137202905494,-0.0955681852067], [-0.0137202905494,0.00151074215382,0.00906516183089], [-0.0955681852067, 0.00906516183089, 0.0633523533101 ]])}
{'elname':'pi', 'pos':Position([ -1.48550806799688270771, -.42649418758026611879, -1.86426682782251389515]), 'crg':'0.0', 'pol':Polarizability(noniso =[ [17.337741556,-1.18734270702,7.67705858674], [-1.18734270702,0.10223331212,-0.52638113902], [7.67705858674, -0.52638113902, 3.4242703319 ]])}
{'elname':'single', 'pos':Position([ .85349293204620304881, -.24318885998867676082, -1.19610784440448303517]), 'crg':'0.0', 'pol':Polarizability(noniso =[ [0.10009995901,-0.00884409512818,-0.104065596068], [-0.00884409512818,0.000992334368661,0.00921373451785], [-0.104065596068, 0.00921373451785, 0.108624320778 ]])}
{'elname':'pi', 'pos':Position([ .06476091562523857793, -.32896825486812356994, -3.70703046162986613935]), 'crg':'0.0', 'pol':Polarizability(noniso =[ [1.46676650132,-0.0638612994942,5.28993110888], [-0.0638612994942,0.0236430867211,-0.233634150357], [5.28993110888, -0.233634150357, 19.373835612 ]])}
{'elname':'pi', 'pos':Position([ 1.60680203153121487471, -.45547880747696612779, -5.55466675434996065590]), 'crg':'0.0', 'pol':Polarizability(noniso =[ [17.1068482746,2.05704356837,7.69779196514], [2.05704356837,0.268476930079,0.926762826774], [7.69779196514, 0.926762826774, 3.48891999533 ]])}
{'elname':'single', 'pos':Position([ -.71178047731459329691, -.07910582693283081735, -6.21088739272969432545]), 'crg':'0.0', 'pol':Polarizability(noniso =[ [0.0979998456045,0.0201438028431,-0.102362768831], [0.0201438028431,0.00435870512339,-0.0210856313283], [-0.102362768831, -0.0210856313283, 0.107358063428 ]])}
{'elname':'pi', 'pos':Position([ 2.79019296371801355008, -.54234857435278768624, -7.42359175716565263960]), 'crg':'0.0', 'pol':Polarizability(noniso =[ [0.020828966963,-0.000477749906554,0.0114985156181], [-0.000477749906554,0.0566709272794,-0.862799857102], [0.0114985156181, -0.862799857102, 20.7867453058 ]])}
{'elname':'single', 'pos':Position([ 3.63373270806074033423, -.76268497584552017736, -5.52999354469542527531]), 'crg':'0.0', 'pol':Polarizability(noniso =[ [0.142047578684,0.027690106416,-0.0936586606262], [0.027690106416,0.00561504595674,-0.0182843324619], [-0.0936586606262, -0.0182843324619, 0.0620539895154 ]])}
{'elname':'single', 'pos':Position([ 3.63525866193781591496, -.60589345119177470231, -9.32862470265158816366]), 'crg':'0.0', 'pol':Polarizability(noniso =[ [0.142067607825,0.0200034447172,0.0955879415592], [0.0200034447172,0.00302998438538,0.0134788586387], [0.0955879415592, 0.0134788586387, 0.0646190219461 ]])}
{'elname':'pi', 'pos':Position([ 1.61017802732241676322, -.29981450447978484333, -9.28006157483731347457]), 'crg':'0.0', 'pol':Polarizability(noniso =[ [17.0811107985,2.70219034845,-7.51858041057], [2.70219034845,0.448824319216,-1.19087293152], [-7.51858041057, -1.19087293152, 3.3343100823 ]])}
{'elname':'single', 'pos':Position([ -.70914430931642557540, .02104493542049808646, -8.60017873030054960795]), 'crg':'0.0', 'pol':Polarizability(noniso =[ [0.0985992460956,0.0115657636756,0.103720198333], [0.0115657636756,0.00156885650975,0.0121923359627], [0.103720198333, 0.0121923359627, 0.109548511551 ]])}
{'elname':'pi', 'pos':Position([ .07084677873498707049, -.01774358381275686103, -11.11615069583496794646]), 'crg':'0.0', 'pol':Polarizability(noniso =[ [1.45207296109,0.379391602589,-5.25167933434], [0.379391602589,0.121390601259,-1.39209958866], [-5.25167933434, -1.39209958866, 19.2907816377 ]])}
{'elname':'pi', 'pos':Position([ -1.47000003023561861697, -.02596767207657472771, -12.97090842160244243326]), 'crg':'0.0', 'pol':Polarizability(noniso =[ [17.134520565,-1.4949273583,-7.80268349451], [-1.4949273583,0.151408509086,0.681585303653], [-7.80268349451, 0.681585303653, 3.57831612596 ]])}
{'elname':'single', 'pos':Position([ .85004985097619474157, .37052900238332263748, -13.60533957245323494662]), 'crg':'0.0', 'pol':Polarizability(noniso =[ [0.0983669967237,-0.0252966540653,0.10123642165], [-0.0252966540653,0.00672861046469,-0.0260900853529], [0.10123642165, -0.0260900853529, 0.104621006968 ]])}
{'elname':'pi', 'pos':Position([ -2.64858633365156321927, .01550803776126409074, -14.84685375711576386888]), 'crg':'0.0', 'pol':Polarizability(noniso =[ [0.0209787260065,-0.00613440261872,0.0566572428004], [-0.00613440261872,0.26185160179,-2.2261399398], [0.0566572428004, -2.2261399398, 20.5814148722 ]])}
{'elname':'single', 'pos':Position([ -3.49711873451841840502, -.32237216569421358289, -12.96246134565132435788]), 'crg':'0.0', 'pol':Polarizability(noniso =[ [0.142234760754,-0.0324666298159,0.0920359066254], [-0.0324666298159,0.00763108022038,-0.0210391548995], [0.0920359066254, -0.0210391548995, 0.0598507731816 ]])}
{'elname':'single', 'pos':Position([ -3.48747451704268437868, .10107767303655561879, -16.76404142128572432825]), 'crg':'0.0', 'pol':Polarizability(noniso =[ [0.141558288411,-0.00992806497887,-0.0973466790889], [-0.00992806497887,0.000906625066235,0.00683743232114], [-0.0973466790889, 0.00683743232114, 0.0672517006792 ]])}
{'elname':'pi', 'pos':Position([ -1.46372991882492291806, .37215605661014873656, -16.66362609726949687174]), 'crg':'0.0', 'pol':Polarizability(noniso =[ [17.3957530859,-3.11699636233,7.05872230621], [-3.11699636233,0.579999877323,-1.26630790086], [7.05872230621, -1.26630790086, 2.88849223682 ]])}
{'elname':'single', 'pos':Position([ .85263594123102809418, .62390254153051189658, -15.96114685213195126320]), 'crg':'0.0', 'pol':Polarizability(noniso =[ [0.100442492188,-0.00351848222664,-0.10439615582], [-0.00351848222664,0.000332807173762,0.00366461452041], [-0.10439615582, 0.00366461452041, 0.108941314794 ]])}
{'elname':'single', 'pos':Position([ -.00714977893983338662, .72066030055716686206, -18.11813698700548700888]), 'crg':'0.0', 'pol':Polarizability(noniso =[ [0.0153935956951,-0.00753164169474,0.0537361781704], [-0.00753164169474,0.00394510640549,-0.0266539584928], [0.0537361781704, -0.0266539584928, 0.190377912056 ]])}
