{'elname':'H', 'pos':Position([ -.24736515481014677125, -30.10691881660812295011, -1.80880619951124122505]), 'crg':0., 'pol':Polarizability(iso=1.0)}
{'elname':'C', 'pos':Position([ .30075180865691114431, -28.17785989267867171903, -1.41365123062747223425]), 'crg':0., 'pol':Polarizability(iso=1.0)}
{'elname':'C', 'pos':Position([ 2.65409016110293489591, -27.25171076909587185540, -.87909305238396514437]), 'crg':0., 'pol':Polarizability(iso=1.0)}
{'elname':'C', 'pos':Position([ 2.66008059304142355339, -24.59839917517232412885, -.44054430160634282807]), 'crg':0., 'pol':Polarizability(iso=1.0)}
{'elname':'S', 'pos':Position([ -1.96198551260333967525, -25.80465295934896665993, -1.41665967467986149063]), 'crg':0., 'pol':Polarizability(iso=1.0)}
{'elname':'H', 'pos':Position([ 4.33324413825841324985, -28.42304619322223255272, -.78447635310062489464]), 'crg':0., 'pol':Polarizability(iso=1.0)}
{'elname':'H', 'pos':Position([ 4.34198223203871973320, -23.53269755386286483998, .04802172126841443660]), 'crg':0., 'pol':Polarizability(iso=1.0)}
{'elname':'C', 'pos':Position([ .30360340543772483017, -23.50226540372487703551, -.64436071697722426438]), 'crg':0., 'pol':Polarizability(iso=1.0)}
{'elname':'C', 'pos':Position([ -.41197353173946269793, -20.88313139719549519518, -.32428645829790096776]), 'crg':0., 'pol':Polarizability(iso=1.0)}
{'elname':'C', 'pos':Position([ -2.77926184272489442099, -19.85652254103162418940, .05361531071255526504]), 'crg':0., 'pol':Polarizability(iso=1.0)}
{'elname':'C', 'pos':Position([ -2.77416147180944303722, -17.19495851295180517981, .31387217741051579697]), 'crg':0., 'pol':Polarizability(iso=1.0)}
{'elname':'S', 'pos':Position([ 1.87622784957477381867, -18.47981167744944415594, -.40569397169794919357]), 'crg':0., 'pol':Polarizability(iso=1.0)}
{'elname':'H', 'pos':Position([ -4.47530619233028180352, -21.00010922617225383104, .18981165477273019321]), 'crg':0., 'pol':Polarizability(iso=1.0)}
{'elname':'H', 'pos':Position([ -4.46733910682470824517, -16.09428750898564790773, .66716593231907950682]), 'crg':0., 'pol':Polarizability(iso=1.0)}
{'elname':'C', 'pos':Position([ -.40025533979922037457, -16.12347243985568539234, .14307116784321017609]), 'crg':0., 'pol':Polarizability(iso=1.0)}
{'elname':'C', 'pos':Position([ .32349466303536887076, -13.50285877774023521799, .33849719904788036975]), 'crg':0., 'pol':Polarizability(iso=1.0)}
{'elname':'C', 'pos':Position([ 2.70425294211466404826, -12.46654617772647801152, .61312354349355943528]), 'crg':0., 'pol':Polarizability(iso=1.0)}
{'elname':'C', 'pos':Position([ 2.71130162070474691653, -9.79905785812389498262, .76179774941172824528]), 'crg':0., 'pol':Polarizability(iso=1.0)}
{'elname':'S', 'pos':Position([ -1.96198551260333967525, -11.09489033163182389566, .22025892272002648640]), 'crg':0., 'pol':Polarizability(iso=1.0)}
{'elname':'H', 'pos':Position([ 4.40236276241682370291, -13.60714520580251756878, .74829754569924781339]), 'crg':0., 'pol':Polarizability(iso=1.0)}
{'elname':'H', 'pos':Position([ 4.41628626478994181911, -8.69034606933178526966, 1.02031606803921257378]), 'crg':0., 'pol':Polarizability(iso=1.0)}
{'elname':'C', 'pos':Position([ .33582701597876854860, -8.72565749242408781028, .60486166070647034679]), 'crg':0., 'pol':Polarizability(iso=1.0)}
{'elname':'C', 'pos':Position([ -.37344768444294274205, -6.09741311606017795173, .70237531019854974855]), 'crg':0., 'pol':Polarizability(iso=1.0)}
{'elname':'C', 'pos':Position([ -2.74968006936050910734, -5.03838033838192575190, .93297292475941896211]), 'crg':0., 'pol':Polarizability(iso=1.0)}
{'elname':'C', 'pos':Position([ -2.74287705517168918086, -2.36787412609613566117, .98240627147201353346]), 'crg':0., 'pol':Polarizability(iso=1.0)}
{'elname':'S', 'pos':Position([ 1.92538907571981559296, -3.70666763420646240994, .50263881361479670703]), 'crg':0., 'pol':Polarizability(iso=1.0)}
{'elname':'H', 'pos':Position([ -4.45503509977376198369, -6.16343447903651177715, 1.10299158769501029144]), 'crg':0., 'pol':Polarizability(iso=1.0)}
{'elname':'H', 'pos':Position([ -4.44267818039023601168, -1.24141024972353306227, 1.19388552643613519252]), 'crg':0., 'pol':Polarizability(iso=1.0)}
{'elname':'C', 'pos':Position([ -.36122682534319316856, -1.31305354803646113249, .79102425425736407388]), 'crg':0., 'pol':Polarizability(iso=1.0)}
{'elname':'C', 'pos':Position([ .36122682534319316856, 1.31305354803646113249, .79102425425736407388]), 'crg':0., 'pol':Polarizability(iso=1.0)}
{'elname':'C', 'pos':Position([ 2.74287705517168918086, 2.36787412609613566117, .98240627147201353346]), 'crg':0., 'pol':Polarizability(iso=1.0)}
{'elname':'C', 'pos':Position([ 2.74968006936050910734, 5.03838033838192575190, .93297292475941896211]), 'crg':0., 'pol':Polarizability(iso=1.0)}
{'elname':'S', 'pos':Position([ -1.92538907571981559296, 3.70666763420646240994, .50263881361479670703]), 'crg':0., 'pol':Polarizability(iso=1.0)}
{'elname':'H', 'pos':Position([ 4.44267818039023601168, 1.24141024972353306227, 1.19388552643613519252]), 'crg':0., 'pol':Polarizability(iso=1.0)}
{'elname':'H', 'pos':Position([ 4.45503509977376198369, 6.16343447903651177715, 1.10299158769501029144]), 'crg':0., 'pol':Polarizability(iso=1.0)}
{'elname':'C', 'pos':Position([ .37344768444294274205, 6.09741311606017795173, .70237531019854974855]), 'crg':0., 'pol':Polarizability(iso=1.0)}
{'elname':'C', 'pos':Position([ -.33582701597876854860, 8.72565749242408781028, .60486166070647034679]), 'crg':0., 'pol':Polarizability(iso=1.0)}
{'elname':'C', 'pos':Position([ -2.71130162070474691653, 9.79905785812389498262, .76179774941172824528]), 'crg':0., 'pol':Polarizability(iso=1.0)}
{'elname':'C', 'pos':Position([ -2.70425294211466404826, 12.46654617772647801152, .61312354349355943528]), 'crg':0., 'pol':Polarizability(iso=1.0)}
{'elname':'S', 'pos':Position([ 1.96198551260333967525, 11.09489033163182389566, .22025892272002648640]), 'crg':0., 'pol':Polarizability(iso=1.0)}
{'elname':'H', 'pos':Position([ -4.41628626478994181911, 8.69034606933178526966, 1.02031606803921257378]), 'crg':0., 'pol':Polarizability(iso=1.0)}
{'elname':'H', 'pos':Position([ -4.40236276241682370291, 13.60714520580251756878, .74829754569924781339]), 'crg':0., 'pol':Polarizability(iso=1.0)}
{'elname':'C', 'pos':Position([ -.32349466303536887076, 13.50285877774023521799, .33849719904788036975]), 'crg':0., 'pol':Polarizability(iso=1.0)}
{'elname':'C', 'pos':Position([ .40025533979922037457, 16.12347243985568539234, .14307116784321017609]), 'crg':0., 'pol':Polarizability(iso=1.0)}
{'elname':'C', 'pos':Position([ 2.77416147180944303722, 17.19495851295180517981, .31387217741051579697]), 'crg':0., 'pol':Polarizability(iso=1.0)}
{'elname':'C', 'pos':Position([ 2.77926184272489442099, 19.85652254103162418940, .05361531071255526504]), 'crg':0., 'pol':Polarizability(iso=1.0)}
{'elname':'S', 'pos':Position([ -1.87622784957477381867, 18.47981167744944415594, -.40569397169794919357]), 'crg':0., 'pol':Polarizability(iso=1.0)}
{'elname':'H', 'pos':Position([ 4.46733910682470824517, 16.09428750898564790773, .66716593231907950682]), 'crg':0., 'pol':Polarizability(iso=1.0)}
{'elname':'H', 'pos':Position([ 4.47530619233028180352, 21.00010922617225383104, .18981165477273019321]), 'crg':0., 'pol':Polarizability(iso=1.0)}
{'elname':'C', 'pos':Position([ .41197353173946269793, 20.88313139719549519518, -.32428645829790096776]), 'crg':0., 'pol':Polarizability(iso=1.0)}
{'elname':'C', 'pos':Position([ -.30360340543772483017, 23.50226540372487703551, -.64436071697722426438]), 'crg':0., 'pol':Polarizability(iso=1.0)}
{'elname':'C', 'pos':Position([ -2.66008059304142355339, 24.59839917517232412885, -.44054430160634282807]), 'crg':0., 'pol':Polarizability(iso=1.0)}
{'elname':'C', 'pos':Position([ -2.65409016110293489591, 27.25171076909587185540, -.87909305238396514437]), 'crg':0., 'pol':Polarizability(iso=1.0)}
{'elname':'S', 'pos':Position([ 1.96198551260333967525, 25.80465295934896665993, -1.41665967467986149063]), 'crg':0., 'pol':Polarizability(iso=1.0)}
{'elname':'H', 'pos':Position([ -4.34198223203871973320, 23.53269755386286483998, .04802172126841443660]), 'crg':0., 'pol':Polarizability(iso=1.0)}
{'elname':'H', 'pos':Position([ -4.33324413825841324985, 28.42304619322223255272, -.78447635310062489464]), 'crg':0., 'pol':Polarizability(iso=1.0)}
{'elname':'C', 'pos':Position([ -.30075180865691114431, 28.17785989267867171903, -1.41365123062747223425]), 'crg':0., 'pol':Polarizability(iso=1.0)}
{'elname':'H', 'pos':Position([ .24736515481014677125, 30.10691881660812295011, -1.80880619951124122505]), 'crg':0., 'pol':Polarizability(iso=1.0)}
{'elname':'single', 'pos':Position([ .02669332692338218653, -29.14238935464339733457, -1.61122871506935672965]), 'crg':'0.0', 'pol':Polarizability(noniso =[ [0.0728388448703,-0.252831738513,-0.0517909103375], [-0.252831738513,0.890823439045,0.182274449477], [-0.0517909103375, 0.182274449477, 0.0383377160842 ]])}
{'elname':'pi', 'pos':Position([ 1.47742098487992302011, -27.71478533088727178721, -1.14637214150571868931]), 'crg':'0.0', 'pol':Polarizability(noniso =[ [0.829031517923,-0.3258692758,-0.188086434443], [-0.3258692758,0.129244858573,0.0740208420246], [-0.188086434443, 0.0740208420246, 0.0437236235043 ]])}
{'elname':'single', 'pos':Position([ -.83061685197321426547, -26.99125642601381918948, -1.41515545265366686244]), 'crg':'0.0', 'pol':Polarizability(noniso =[ [0.476708003282,0.498932651626,-0.000632482126715], [0.498932651626,0.524291155795,-0.000663360680104], [-0.000632482126715, -0.000663360680104, 0.00100084092266 ]])}
{'elname':'pi', 'pos':Position([ 2.65708537707217922465, -25.92505497213409799212, -.65981867699515398622]), 'crg':'0.0', 'pol':Polarizability(noniso =[ [0.00100495676041,-0.00219547271495,-0.000362875517039], [-0.00219547271495,0.973429579126,0.160726609766], [-0.000362875517039, 0.160726609766, 0.0275654641133 ]])}
{'elname':'single', 'pos':Position([ 3.49366714968067407288, -27.83737848115905220406, -.83178470274229501950]), 'crg':'0.0', 'pol':Polarizability(noniso =[ [0.671566280192,0.467770108578,-0.0377849613232], [0.467770108578,0.327304618861,-0.0263578351355], [-0.0377849613232, -0.0263578351355, 0.00312910094702 ]])}
{'elname':'single', 'pos':Position([ 3.50103141254007164329, -24.06554836451759448441, -.19626129016896419573]), 'crg':'0.0', 'pol':Polarizability(noniso =[ [0.673334821726,-0.426010827841,-0.195302711095], [-0.426010827841,0.270932806651,0.123749457777], [-0.195302711095, 0.123749457777, 0.0577323716226 ]])}
{'elname':'pi', 'pos':Position([ 1.48184199923957419178, -24.05033228944860058218, -.54245250929178354622]), 'crg':'0.0', 'pol':Polarizability(noniso =[ [0.817274733682,0.379696568706,-0.0706012309612], [0.379696568706,0.177618824935,-0.0328407140835], [-0.0706012309612, -0.0328407140835, 0.0071064413825 ]])}
{'elname':'single', 'pos':Position([ -.82919105358280742254, -24.65345918153692184772, -1.03051019582854287750]), 'crg':'0.0', 'pol':Polarizability(noniso =[ [0.465878341444,-0.472429088833,-0.158468756489], [-0.472429088833,0.481102478602,0.161042671947], [-0.158468756489, 0.161042671947, 0.0550191799536 ]])}
{'elname':'pi', 'pos':Position([ -.05418506315086893388, -22.19269840046018611534, -.48432358763756261607]), 'crg':'0.0', 'pol':Polarizability(noniso =[ [0.069439069831,0.250498703713,0.0306124798087], [0.250498703713,0.917868109353,0.112046913093], [0.0306124798087, 0.112046913093, 0.0146928208164 ]])}
{'elname':'pi', 'pos':Position([ -1.59561768723217855946, -20.36982696911355969229, -.13533557379267285136]), 'crg':'0.0', 'pol':Polarizability(noniso =[ [0.824205885802,0.356995153015,0.131412367079], [0.356995153015,0.155816117662,0.056988875933], [0.131412367079, 0.056988875933, 0.0219779965366 ]])}
{'elname':'single', 'pos':Position([ .73212715891765556037, -19.68147153732246967556, -.36499021499792508066]), 'crg':'0.0', 'pol':Polarizability(noniso =[ [0.475716061977,-0.498598804435,0.0168890091983], [-0.498598804435,0.524683076466,-0.0177386873309], [0.0168890091983, -0.0177386873309, 0.00160086155609 ]])}
{'elname':'pi', 'pos':Position([ -2.77671165726716872910, -18.52574052699171468460, .18374374406153553100]), 'crg':'0.0', 'pol':Polarizability(noniso =[ [0.0010036337979,-0.00189625145776,-0.000185421976576], [-0.00189625145776,0.990534830278,0.0967601123624], [-0.000185421976576, 0.0967601123624, 0.0104615359237 ]])}
{'elname':'single', 'pos':Position([ -3.62728401752758811225, -20.42831588360193901022, .12171348274264272912]), 'crg':'0.0', 'pol':Polarizability(noniso =[ [0.68473872868,-0.461022441079,0.0549058255229], [-0.461022441079,0.311852204597,-0.0370211846284], [0.0549058255229, -0.0370211846284, 0.00540906672373 ]])}
{'elname':'single', 'pos':Position([ -3.62075028931707564119, -16.64462301096872654377, .49051905486479765189]), 'crg':'0.0', 'pol':Polarizability(noniso =[ [0.682390858498,0.442946531307,0.142177128956], [0.442946531307,0.288942855631,0.092423996179], [0.142177128956, 0.092423996179, 0.0306662858712 ]])}
{'elname':'pi', 'pos':Position([ -1.58720840580433170589, -16.65921547640374528607, .22847167262686298653]), 'crg':'0.0', 'pol':Polarizability(noniso =[ [0.827369383557,-0.372990015812,0.0594567422376], [-0.372990015812,0.169352742325,-0.026836390201], [0.0594567422376, -0.026836390201, 0.00527787411761 ]])}
{'elname':'single', 'pos':Position([ .73798625488777672205, -17.30164205865256477414, -.13131140192736950874]), 'crg':'0.0', 'pol':Polarizability(noniso =[ [0.470124870071,0.485581155986,0.113086437883], [0.485581155986,0.503614706854,0.117053361987], [0.113086437883, 0.117053361987, 0.0282604230748 ]])}
{'elname':'pi', 'pos':Position([ -.03838033838192575190, -14.81316560879796030516, .24078418344554527292]), 'crg':'0.0', 'pol':Polarizability(noniso =[ [0.0714329637722,-0.255029480348,-0.0190182169562], [-0.255029480348,0.924431762106,0.0688627274464], [-0.0190182169562, 0.0688627274464, 0.00613527412199 ]])}
{'elname':'pi', 'pos':Position([ 1.51387380257501645951, -12.98470247773335661475, .47581037127071990251]), 'crg':'0.0', 'pol':Polarizability(noniso =[ [0.831575300299,-0.361538446185,-0.0958089111828], [-0.361538446185,0.15837290529,0.041704352233], [-0.0958089111828, 0.041704352233, 0.0120517944113 ]])}
{'elname':'single', 'pos':Position([ -.81924542478398540224, -12.29887455468602955682, .27937806088395342807]), 'crg':'0.0', 'pol':Polarizability(noniso =[ [0.473846358458,0.498188137076,-0.0244624910721], [0.498188137076,0.525888085703,-0.025773536451], [-0.0244624910721, -0.025773536451, 0.00226555583806 ]])}
{'elname':'pi', 'pos':Position([ 2.70777728140970548239, -11.13280201792518649707, .68746064645264384028]), 'crg':'0.0', 'pol':Polarizability(noniso =[ [0.0010069538577,-0.00263160448525,-0.000146674196944], [-0.00263160448525,0.996899321626,0.0555070999671], [-0.000146674196944, 0.0555070999671, 0.00409372451597 ]])}
{'elname':'single', 'pos':Position([ 3.55330785226574387558, -13.03684569176449779015, .68071054459640362433]), 'crg':'0.0', 'pol':Polarizability(noniso =[ [0.68641996392,0.460387976869,-0.0545612295547], [0.460387976869,0.310236818889,-0.0366480922828], [-0.0545612295547, -0.0366480922828, 0.00534321719126 ]])}
{'elname':'single', 'pos':Position([ 3.56379394274734436782, -9.24470196372784012614, .89105690872547040953]), 'crg':'0.0', 'pol':Polarizability(noniso =[ [0.69194307649,-0.449304184026,-0.104764252875], [-0.449304184026,0.293172042318,0.0681257526921], [-0.104764252875, 0.0681257526921, 0.0168848811921 ]])}
{'elname':'pi', 'pos':Position([ 1.52356431834175773256, -9.26235767527399139645, .68332970505909929603]), 'crg':'0.0', 'pol':Polarizability(noniso =[ [0.827611038342,0.373518870327,-0.0546101831524], [0.373518870327,0.169781131656,-0.0246765806084], [-0.0546101831524, -0.0246765806084, 0.00460783000179 ]])}
{'elname':'single', 'pos':Position([ -.81307924831228556332, -9.91027391202795585297, .41256029171324841659]), 'crg':'0.0', 'pol':Polarizability(noniso =[ [0.478728676227,-0.492577376905,-0.0799611607152], [-0.492577376905,0.508887602969,0.082446503129], [-0.0799611607152, 0.082446503129, 0.0143837208045 ]])}
{'elname':'pi', 'pos':Position([ -.01881033423208709672, -7.41153530424213288100, .65361848545251004767]), 'crg':'0.0', 'pol':Polarizability(noniso =[ [0.0687292091967,0.250973160443,0.00931165648804], [0.250973160443,0.930990590612,0.0345046972418], [0.00931165648804, 0.0345046972418, 0.00228020019102 ]])}
{'elname':'pi', 'pos':Position([ -1.56156387690172592469, -5.56789672722105185181, .81767411747898435533]), 'crg':'0.0', 'pol':Polarizability(noniso =[ [0.827955503324,0.368555276521,0.0802505544596], [0.368555276521,0.165256711885,0.0357658485504], [0.0802505544596, 0.0357658485504, 0.00878778479034 ]])}
{'elname':'single', 'pos':Position([ .77597069563843642545, -4.90204037513332018083, .60250706190667322779]), 'crg':'0.0', 'pol':Polarizability(noniso =[ [0.479194367754,-0.497312834025,0.0415483471278], [-0.497312834025,0.518195666789,-0.0432094722407], [0.0415483471278, -0.0432094722407, 0.00460996545642 ]])}
{'elname':'pi', 'pos':Position([ -2.74627856226609914410, -3.70312723223903070653, .95768959811571624778]), 'crg':'0.0', 'pol':Polarizability(noniso =[ [0.00100648081244,-0.00254402672199,-4.70921035179e-05], [-0.00254402672199,0.99965132965,0.0184858875057], [-4.70921035179e-05, 0.0184858875057, 0.00134218953776 ]])}
{'elname':'single', 'pos':Position([ -3.60235758456713554551, -5.60090740870921876452, 1.01798225622721462677]), 'crg':'0.0', 'pol':Polarizability(noniso =[ [0.692269167961,-0.45604300914,0.0689174145965], [-0.45604300914,0.301859977306,-0.0454660884521], [0.0689174145965, -0.0454660884521, 0.0078708547333 ]])}
{'elname':'single', 'pos':Position([ -3.59277761778096259627, -1.80464218790983436172, 1.08814589895407436299]), 'crg':'0.0', 'pol':Polarizability(noniso =[ [0.687760974722,0.455118789045,0.0854427598134], [0.455118789045,0.302608739817,0.0566232019731], [0.0854427598134, 0.0566232019731, 0.0116302854607 ]])}
{'elname':'pi', 'pos':Position([ -1.55205194025744117471, -1.84046383706629839683, .88671526286468880367]), 'crg':'0.0', 'pol':Polarizability(noniso =[ [0.831691126712,-0.367908806883,0.0667517595663], [-0.367908806883,0.16394490916,-0.0295640093286], [0.0667517595663, -0.0295640093286, 0.00636396412808 ]])}
{'elname':'single', 'pos':Position([ .78208112518831121220, -2.50986059112146177121, .64683153393608039045]), 'crg':'0.0', 'pol':Polarizability(noniso =[ [0.474082577669,0.495219648085,0.0596646457142], [0.495219648085,0.519392583928,0.0624565482823], [0.0596646457142, 0.0624565482823, 0.00852483840293 ]])}
{'elname':'pi', 'pos':Position([ 0, 0, .79102425425736407388]), 'crg':'0.0', 'pol':Polarizability(noniso =[ [0.0712872454278,-0.255492977032,0.0], [-0.255492977032,0.929712754572,0.0], [0.0, 0.0, 0.001 ]])}
{'elname':'pi', 'pos':Position([ 1.55205194025744117471, 1.84046383706629839683, .88671526286468880367]), 'crg':'0.0', 'pol':Polarizability(noniso =[ [0.831691126712,-0.367908806883,-0.0667517595663], [-0.367908806883,0.16394490916,0.0295640093286], [-0.0667517595663, 0.0295640093286, 0.00636396412808 ]])}
{'elname':'single', 'pos':Position([ -.78208112518831121220, 2.50986059112146177121, .64683153393608039045]), 'crg':'0.0', 'pol':Polarizability(noniso =[ [0.474082577669,0.495219648085,-0.0596646457142], [0.495219648085,0.519392583928,-0.0624565482823], [-0.0596646457142, -0.0624565482823, 0.00852483840293 ]])}
{'elname':'pi', 'pos':Position([ 2.74627856226609914410, 3.70312723223903070653, .95768959811571624778]), 'crg':'0.0', 'pol':Polarizability(noniso =[ [0.00100648081244,-0.00254402672199,4.70921035179e-05], [-0.00254402672199,0.99965132965,-0.0184858875057], [4.70921035179e-05, -0.0184858875057, 0.00134218953776 ]])}
{'elname':'single', 'pos':Position([ 3.59277761778096259627, 1.80464218790983436172, 1.08814589895407436299]), 'crg':'0.0', 'pol':Polarizability(noniso =[ [0.687760974722,0.455118789045,-0.0854427598134], [0.455118789045,0.302608739817,-0.0566232019731], [-0.0854427598134, -0.0566232019731, 0.0116302854607 ]])}
{'elname':'single', 'pos':Position([ 3.60235758456713554551, 5.60090740870921876452, 1.01798225622721462677]), 'crg':'0.0', 'pol':Polarizability(noniso =[ [0.692269167961,-0.45604300914,-0.0689174145965], [-0.45604300914,0.301859977306,0.0454660884521], [-0.0689174145965, 0.0454660884521, 0.0078708547333 ]])}
{'elname':'pi', 'pos':Position([ 1.56156387690172592469, 5.56789672722105185181, .81767411747898435533]), 'crg':'0.0', 'pol':Polarizability(noniso =[ [0.827955503324,0.368555276521,-0.0802505544596], [0.368555276521,0.165256711885,-0.0357658485504], [-0.0802505544596, -0.0357658485504, 0.00878778479034 ]])}
{'elname':'single', 'pos':Position([ -.77597069563843642545, 4.90204037513332018083, .60250706190667322779]), 'crg':'0.0', 'pol':Polarizability(noniso =[ [0.479194367754,-0.497312834025,-0.0415483471278], [-0.497312834025,0.518195666789,0.0432094722407], [-0.0415483471278, 0.0432094722407, 0.00460996545642 ]])}
{'elname':'pi', 'pos':Position([ .01881033423208709672, 7.41153530424213288100, .65361848545251004767]), 'crg':'0.0', 'pol':Polarizability(noniso =[ [0.0687292091967,0.250973160443,-0.00931165648804], [0.250973160443,0.930990590612,-0.0345046972418], [-0.00931165648804, -0.0345046972418, 0.00228020019102 ]])}
{'elname':'pi', 'pos':Position([ -1.52356431834175773256, 9.26235767527399139645, .68332970505909929603]), 'crg':'0.0', 'pol':Polarizability(noniso =[ [0.827611038342,0.373518870327,0.0546101831524], [0.373518870327,0.169781131656,0.0246765806084], [0.0546101831524, 0.0246765806084, 0.00460783000179 ]])}
{'elname':'single', 'pos':Position([ .81307924831228556332, 9.91027391202795585297, .41256029171324841659]), 'crg':'0.0', 'pol':Polarizability(noniso =[ [0.478728676227,-0.492577376905,0.0799611607152], [-0.492577376905,0.508887602969,-0.082446503129], [0.0799611607152, -0.082446503129, 0.0143837208045 ]])}
{'elname':'pi', 'pos':Position([ -2.70777728140970548239, 11.13280201792518649707, .68746064645264384028]), 'crg':'0.0', 'pol':Polarizability(noniso =[ [0.0010069538577,-0.00263160448525,0.000146674196944], [-0.00263160448525,0.996899321626,-0.0555070999671], [0.000146674196944, -0.0555070999671, 0.00409372451597 ]])}
{'elname':'single', 'pos':Position([ -3.56379394274734436782, 9.24470196372784012614, .89105690872547040953]), 'crg':'0.0', 'pol':Polarizability(noniso =[ [0.69194307649,-0.449304184026,0.104764252875], [-0.449304184026,0.293172042318,-0.0681257526921], [0.104764252875, -0.0681257526921, 0.0168848811921 ]])}
{'elname':'single', 'pos':Position([ -3.55330785226574387558, 13.03684569176449779015, .68071054459640362433]), 'crg':'0.0', 'pol':Polarizability(noniso =[ [0.68641996392,0.460387976869,0.0545612295547], [0.460387976869,0.310236818889,0.0366480922828], [0.0545612295547, 0.0366480922828, 0.00534321719126 ]])}
{'elname':'pi', 'pos':Position([ -1.51387380257501645951, 12.98470247773335661475, .47581037127071990251]), 'crg':'0.0', 'pol':Polarizability(noniso =[ [0.831575300299,-0.361538446185,0.0958089111828], [-0.361538446185,0.15837290529,-0.041704352233], [0.0958089111828, -0.041704352233, 0.0120517944113 ]])}
{'elname':'single', 'pos':Position([ .81924542478398540224, 12.29887455468602955682, .27937806088395342807]), 'crg':'0.0', 'pol':Polarizability(noniso =[ [0.473846358458,0.498188137076,0.0244624910721], [0.498188137076,0.525888085703,0.025773536451], [0.0244624910721, 0.025773536451, 0.00226555583806 ]])}
{'elname':'pi', 'pos':Position([ .03838033838192575190, 14.81316560879796030516, .24078418344554527292]), 'crg':'0.0', 'pol':Polarizability(noniso =[ [0.0714329637722,-0.255029480348,0.0190182169562], [-0.255029480348,0.924431762106,-0.0688627274464], [0.0190182169562, -0.0688627274464, 0.00613527412199 ]])}
{'elname':'pi', 'pos':Position([ 1.58720840580433170589, 16.65921547640374528607, .22847167262686298653]), 'crg':'0.0', 'pol':Polarizability(noniso =[ [0.827369383557,-0.372990015812,-0.0594567422376], [-0.372990015812,0.169352742325,0.026836390201], [-0.0594567422376, 0.026836390201, 0.00527787411761 ]])}
{'elname':'single', 'pos':Position([ -.73798625488777672205, 17.30164205865256477414, -.13131140192736950874]), 'crg':'0.0', 'pol':Polarizability(noniso =[ [0.470124870071,0.485581155986,-0.113086437883], [0.485581155986,0.503614706854,-0.117053361987], [-0.113086437883, -0.117053361987, 0.0282604230748 ]])}
{'elname':'pi', 'pos':Position([ 2.77671165726716872910, 18.52574052699171468460, .18374374406153553100]), 'crg':'0.0', 'pol':Polarizability(noniso =[ [0.0010036337979,-0.00189625145776,0.000185421976576], [-0.00189625145776,0.990534830278,-0.0967601123624], [0.000185421976576, -0.0967601123624, 0.0104615359237 ]])}
{'elname':'single', 'pos':Position([ 3.62075028931707564119, 16.64462301096872654377, .49051905486479765189]), 'crg':'0.0', 'pol':Polarizability(noniso =[ [0.682390858498,0.442946531307,-0.142177128956], [0.442946531307,0.288942855631,-0.092423996179], [-0.142177128956, -0.092423996179, 0.0306662858712 ]])}
{'elname':'single', 'pos':Position([ 3.62728401752758811225, 20.42831588360193901022, .12171348274264272912]), 'crg':'0.0', 'pol':Polarizability(noniso =[ [0.68473872868,-0.461022441079,-0.0549058255229], [-0.461022441079,0.311852204597,0.0370211846284], [-0.0549058255229, 0.0370211846284, 0.00540906672373 ]])}
{'elname':'pi', 'pos':Position([ 1.59561768723217855946, 20.36982696911355969229, -.13533557379267285136]), 'crg':'0.0', 'pol':Polarizability(noniso =[ [0.824205885802,0.356995153015,-0.131412367079], [0.356995153015,0.155816117662,-0.056988875933], [-0.131412367079, -0.056988875933, 0.0219779965366 ]])}
{'elname':'single', 'pos':Position([ -.73212715891765556037, 19.68147153732246967556, -.36499021499792508066]), 'crg':'0.0', 'pol':Polarizability(noniso =[ [0.475716061977,-0.498598804435,-0.0168890091983], [-0.498598804435,0.524683076466,0.0177386873309], [-0.0168890091983, 0.0177386873309, 0.00160086155609 ]])}
{'elname':'pi', 'pos':Position([ .05418506315086893388, 22.19269840046018611534, -.48432358763756261607]), 'crg':'0.0', 'pol':Polarizability(noniso =[ [0.069439069831,0.250498703713,-0.0306124798087], [0.250498703713,0.917868109353,-0.112046913093], [-0.0306124798087, -0.112046913093, 0.0146928208164 ]])}
{'elname':'pi', 'pos':Position([ -1.48184199923957419178, 24.05033228944860058218, -.54245250929178354622]), 'crg':'0.0', 'pol':Polarizability(noniso =[ [0.817274733682,0.379696568706,0.0706012309612], [0.379696568706,0.177618824935,0.0328407140835], [0.0706012309612, 0.0328407140835, 0.0071064413825 ]])}
{'elname':'single', 'pos':Position([ .82919105358280742254, 24.65345918153692184772, -1.03051019582854287750]), 'crg':'0.0', 'pol':Polarizability(noniso =[ [0.465878341444,-0.472429088833,0.158468756489], [-0.472429088833,0.481102478602,-0.161042671947], [0.158468756489, -0.161042671947, 0.0550191799536 ]])}
{'elname':'pi', 'pos':Position([ -2.65708537707217922465, 25.92505497213409799212, -.65981867699515398622]), 'crg':'0.0', 'pol':Polarizability(noniso =[ [0.00100495676041,-0.00219547271495,0.000362875517039], [-0.00219547271495,0.973429579126,-0.160726609766], [0.000362875517039, -0.160726609766, 0.0275654641133 ]])}
{'elname':'single', 'pos':Position([ -3.50103141254007164329, 24.06554836451759448441, -.19626129016896419573]), 'crg':'0.0', 'pol':Polarizability(noniso =[ [0.673334821726,-0.426010827841,0.195302711095], [-0.426010827841,0.270932806651,-0.123749457777], [0.195302711095, -0.123749457777, 0.0577323716226 ]])}
{'elname':'single', 'pos':Position([ -3.49366714968067407288, 27.83737848115905220406, -.83178470274229501950]), 'crg':'0.0', 'pol':Polarizability(noniso =[ [0.671566280192,0.467770108578,0.0377849613232], [0.467770108578,0.327304618861,0.0263578351355], [0.0377849613232, 0.0263578351355, 0.00312910094702 ]])}
{'elname':'pi', 'pos':Position([ -1.47742098487992302011, 27.71478533088727178721, -1.14637214150571868931]), 'crg':'0.0', 'pol':Polarizability(noniso =[ [0.829031517923,-0.3258692758,0.188086434443], [-0.3258692758,0.129244858573,-0.0740208420246], [0.188086434443, -0.0740208420246, 0.0437236235043 ]])}
{'elname':'single', 'pos':Position([ .83061685197321426547, 26.99125642601381918948, -1.41515545265366686244]), 'crg':'0.0', 'pol':Polarizability(noniso =[ [0.476708003282,0.498932651626,0.000632482126715], [0.498932651626,0.524291155795,0.000663360680104], [0.000632482126715, 0.000663360680104, 0.00100084092266 ]])}
{'elname':'single', 'pos':Position([ -.02669332692338218653, 29.14238935464339733457, -1.61122871506935672965]), 'crg':'0.0', 'pol':Polarizability(noniso =[ [0.0728388448703,-0.252831738513,0.0517909103375], [-0.252831738513,0.890823439045,-0.182274449477], [0.0517909103375, -0.182274449477, 0.0383377160842 ]])}
