{'elname':'H', 'pos':Position([ .92170826709843130051, 7.96699479871770741445, -.27652740896622152277]), 'crg':0.2607210, 'pol':Polarizability(iso=1.0)}
{'elname':'C', 'pos':Position([ .19852140266058326020, 6.06360024581557935602, -.09706011521282473999]), 'crg':-0.1878390, 'pol':Polarizability(iso=1.0)}
{'elname':'C', 'pos':Position([ -2.22458375001795239855, 5.30236563480059231576, .37947402117853906026]), 'crg':-0.5336650, 'pol':Polarizability(iso=1.0)}
{'elname':'C', 'pos':Position([ -2.47454727830299566950, 2.62571592275706511920, .51145816562013631728]), 'crg':0.4213760, 'pol':Polarizability(iso=1.0)}
{'elname':'S', 'pos':Position([ 2.22458375001795239855, 3.50597682591011101763, -.42688347116995970347]), 'crg':-0.0894810, 'pol':Polarizability(iso=1.0)}
{'elname':'H', 'pos':Position([ -3.78496843779361620266, 6.60410728202197675939, .64739372746973981494]), 'crg':0.2449290, 'pol':Polarizability(iso=1.0)}
{'elname':'H', 'pos':Position([ -4.24127683505638564926, 1.66731295301460455968, .91573106324308757066]), 'crg':0.2493770, 'pol':Polarizability(iso=1.0)}
{'elname':'C', 'pos':Position([ -.23678646774653178557, 1.35061752471572849321, .13005284430243782234]), 'crg':-0.3654180, 'pol':Polarizability(iso=1.0)}
{'elname':'C', 'pos':Position([ .23678646774653178557, -1.35061752471572849321, .13005284430243782234]), 'crg':-0.3654180, 'pol':Polarizability(iso=1.0)}
{'elname':'C', 'pos':Position([ 2.47454727830299566950, -2.62571592275706511920, .51145816562013631728]), 'crg':0.4213760, 'pol':Polarizability(iso=1.0)}
{'elname':'C', 'pos':Position([ 2.22458375001795239855, -5.30236563480059231576, .37947402117853906026]), 'crg':-0.5336650, 'pol':Polarizability(iso=1.0)}
{'elname':'S', 'pos':Position([ -2.22458375001795239855, -3.50597682591011101763, -.42688347116995970347]), 'crg':-0.0894810, 'pol':Polarizability(iso=1.0)}
{'elname':'H', 'pos':Position([ 4.24127683505638564926, -1.66731295301460455968, .91573106324308757066]), 'crg':0.2493770, 'pol':Polarizability(iso=1.0)}
{'elname':'H', 'pos':Position([ 3.78496843779361620266, -6.60410728202197675939, .64739372746973981494]), 'crg':0.2449290, 'pol':Polarizability(iso=1.0)}
{'elname':'C', 'pos':Position([ -.19852140266058326020, -6.06360024581557935602, -.09706011521282473999]), 'crg':-0.1878390, 'pol':Polarizability(iso=1.0)}
{'elname':'H', 'pos':Position([ -.92170826709843130051, -7.96699479871770741445, -.27652740896622152277]), 'crg':0.2607210, 'pol':Polarizability(iso=1.0)}
{'elname':'single', 'pos':Position([ .56011483487950728035, 7.01529752226664338523, -.18679376208952313138]), 'crg':'0.0', 'pol':Polarizability(noniso =[ [0.126050601687,-0.329127429981,0.0310327719856], [-0.329127429981,0.867248252344,-0.081676828028], [0.0310327719856, -0.081676828028, 0.00870114596902 ]])}
{'elname':'pi', 'pos':Position([ -1.01303117367868456917, 5.68298294030808583589, .14120695298285716013]), 'crg':'0.0', 'pol':Polarizability(noniso =[ [0.879341693231,-0.275936888849,0.172736952739], [-0.275936888849,0.087687410167,-0.054266463377], [0.172736952739, -0.054266463377, 0.0349708966016 ]])}
{'elname':'single', 'pos':Position([ 1.21155257633926782937, 4.78478853586284518682, -.26197179319139222173]), 'crg':'0.0', 'pol':Polarizability(noniso =[ [0.382289321318,0.481325019062,0.0620702140345], [0.481325019062,0.608606248122,0.0783550581749], [0.0620702140345, 0.0783550581749, 0.0111044305594 ]])}
{'elname':'pi', 'pos':Position([ -2.34956551416047403402, 3.96404077877882871748, .44546609339933768877]), 'crg':'0.0', 'pol':Polarizability(noniso =[ [0.00961626486551,-0.0922643516412,0.00454950509924], [-0.0922643516412,0.988981534532,-0.0487168332011], [0.00454950509924, -0.0487168332011, 0.00340220060213 ]])}
{'elname':'single', 'pos':Position([ -3.00477609390578430060, 5.95323645841128453757, .51343387432413943760]), 'crg':'0.0', 'pol':Polarizability(noniso =[ [0.579981277323,0.483011687796,0.0994116995531], [0.483011687796,0.403949628399,0.0829336192179], [0.0994116995531, 0.0829336192179, 0.0180690942784 ]])}
{'elname':'single', 'pos':Position([ -3.35791205667969065938, 2.14651443788583483944, .71359461443161194397]), 'crg':'0.0', 'pol':Polarizability(noniso =[ [0.742847459711,-0.402432169522,0.169753667722], [-0.402432169522,0.219308560535,-0.0920867705233], [0.169753667722, -0.0920867705233, 0.0398439797533 ]])}
{'elname':'pi', 'pos':Position([ -1.35566687302476372753, 1.98816672373639680620, .32075550496128706981]), 'crg':'0.0', 'pol':Polarizability(noniso =[ [0.738959191531,0.420496497437,0.12577821599], [0.420496497437,0.240603092401,0.0716696802274], [0.12577821599, 0.0716696802274, 0.0224377160679 ]])}
{'elname':'single', 'pos':Position([ .99389864113571030649, 2.42829717531291975542, -.14841531343376094056]), 'crg':'0.0', 'pol':Polarizability(noniso =[ [0.55050360756,-0.481186333956,0.124336644819], [-0.481186333956,0.422362634932,-0.108878437691], [0.124336644819, -0.108878437691, 0.0291337575078 ]])}
{'elname':'pi', 'pos':Position([ 0, 0, .13005284430243782234]), 'crg':'0.0', 'pol':Polarizability(noniso =[ [0.0307897591027,0.169919214912,0.0], [0.169919214912,0.970210240897,0.0], [0.0, 0.0, 0.001 ]])}
{'elname':'pi', 'pos':Position([ 1.35566687302476372753, -1.98816672373639680620, .32075550496128706981]), 'crg':'0.0', 'pol':Polarizability(noniso =[ [0.738959191531,0.420496497437,-0.12577821599], [0.420496497437,0.240603092401,-0.0716696802274], [-0.12577821599, -0.0716696802274, 0.0224377160679 ]])}
{'elname':'single', 'pos':Position([ -.99389864113571030649, -2.42829717531291975542, -.14841531343376094056]), 'crg':'0.0', 'pol':Polarizability(noniso =[ [0.55050360756,-0.481186333956,-0.124336644819], [-0.481186333956,0.422362634932,0.108878437691], [-0.124336644819, 0.108878437691, 0.0291337575078 ]])}
{'elname':'pi', 'pos':Position([ 2.34956551416047403402, -3.96404077877882871748, .44546609339933768877]), 'crg':'0.0', 'pol':Polarizability(noniso =[ [0.00961626486551,-0.0922643516412,-0.00454950509924], [-0.0922643516412,0.988981534532,0.0487168332011], [-0.00454950509924, 0.0487168332011, 0.00340220060213 ]])}
{'elname':'single', 'pos':Position([ 3.35791205667969065938, -2.14651443788583483944, .71359461443161194397]), 'crg':'0.0', 'pol':Polarizability(noniso =[ [0.742847459711,-0.402432169522,-0.169753667722], [-0.402432169522,0.219308560535,0.0920867705233], [-0.169753667722, 0.0920867705233, 0.0398439797533 ]])}
{'elname':'single', 'pos':Position([ 3.00477609390578430060, -5.95323645841128453757, .51343387432413943760]), 'crg':'0.0', 'pol':Polarizability(noniso =[ [0.579981277323,0.483011687796,-0.0994116995531], [0.483011687796,0.403949628399,-0.0829336192179], [-0.0994116995531, -0.0829336192179, 0.0180690942784 ]])}
{'elname':'pi', 'pos':Position([ 1.01303117367868456917, -5.68298294030808583589, .14120695298285716013]), 'crg':'0.0', 'pol':Polarizability(noniso =[ [0.879341693231,-0.275936888849,-0.172736952739], [-0.275936888849,0.087687410167,0.054266463377], [-0.172736952739, 0.054266463377, 0.0349708966016 ]])}
{'elname':'single', 'pos':Position([ -1.21155257633926782937, -4.78478853586284518682, -.26197179319139222173]), 'crg':'0.0', 'pol':Polarizability(noniso =[ [0.382289321318,0.481325019062,-0.0620702140345], [0.481325019062,0.608606248122,-0.0783550581749], [-0.0620702140345, -0.0783550581749, 0.0111044305594 ]])}
{'elname':'single', 'pos':Position([ -.56011483487950728035, -7.01529752226664338523, -.18679376208952313138]), 'crg':'0.0', 'pol':Polarizability(noniso =[ [0.126050601687,-0.329127429981,-0.0310327719856], [-0.329127429981,0.867248252344,0.081676828028], [-0.0310327719856, 0.081676828028, 0.00870114596902 ]])}
