{'elname':'H', 'pos':Position([ .92170826709843130051, 7.96699479871770741445, -.27652740896622152277]), 'crg':0., 'pol':Polarizability(iso=0.00057735)}
{'elname':'C', 'pos':Position([ .19852140266058326020, 6.06360024581557935602, -.09706011521282473999]), 'crg':0., 'pol':Polarizability(iso=7.02210054)}
{'elname':'C', 'pos':Position([ -2.22458375001795239855, 5.30236563480059231576, .37947402117853906026]), 'crg':0., 'pol':Polarizability(iso=7.02210054)}
{'elname':'C', 'pos':Position([ -2.47454727830299566950, 2.62571592275706511920, .51145816562013631728]), 'crg':0., 'pol':Polarizability(iso=7.02210054)}
{'elname':'S', 'pos':Position([ 2.22458375001795239855, 3.50597682591011101763, -.42688347116995970347]), 'crg':0., 'pol':Polarizability(iso=8.89471598216)}
{'elname':'H', 'pos':Position([ -3.78496843779361620266, 6.60410728202197675939, .64739372746973981494]), 'crg':0., 'pol':Polarizability(iso=0.00057735)}
{'elname':'H', 'pos':Position([ -4.24127683505638564926, 1.66731295301460455968, .91573106324308757066]), 'crg':0., 'pol':Polarizability(iso=0.00057735)}
{'elname':'C', 'pos':Position([ -.23678646774653178557, 1.35061752471572849321, .13005284430243782234]), 'crg':0., 'pol':Polarizability(iso=7.02210054)}
{'elname':'C', 'pos':Position([ .23678646774653178557, -1.35061752471572849321, .13005284430243782234]), 'crg':0., 'pol':Polarizability(iso=7.02210054)}
{'elname':'C', 'pos':Position([ 2.47454727830299566950, -2.62571592275706511920, .51145816562013631728]), 'crg':0., 'pol':Polarizability(iso=7.02210054)}
{'elname':'C', 'pos':Position([ 2.22458375001795239855, -5.30236563480059231576, .37947402117853906026]), 'crg':0., 'pol':Polarizability(iso=7.02210054)}
{'elname':'S', 'pos':Position([ -2.22458375001795239855, -3.50597682591011101763, -.42688347116995970347]), 'crg':0., 'pol':Polarizability(iso=8.89471598216)}
{'elname':'H', 'pos':Position([ 4.24127683505638564926, -1.66731295301460455968, .91573106324308757066]), 'crg':0., 'pol':Polarizability(iso=0.00057735)}
{'elname':'H', 'pos':Position([ 3.78496843779361620266, -6.60410728202197675939, .64739372746973981494]), 'crg':0., 'pol':Polarizability(iso=0.00057735)}
{'elname':'C', 'pos':Position([ -.19852140266058326020, -6.06360024581557935602, -.09706011521282473999]), 'crg':0., 'pol':Polarizability(iso=7.02210054)}
{'elname':'H', 'pos':Position([ -.92170826709843130051, -7.96699479871770741445, -.27652740896622152277]), 'crg':0., 'pol':Polarizability(iso=0.00057735)}
{'elname':'single', 'pos':Position([ .56011483487950728035, 7.01529752226664338523, -.18679376208952313138]), 'crg':'0.0', 'pol':Polarizability(noniso =[ [0.026382141116,-0.068885718804,0.00649509767335], [-0.068885718804,0.181513340434,-0.0170947982326], [0.00649509767335, -0.0170947982326, 0.00182113260669 ]])}
{'elname':'pi', 'pos':Position([ -1.01303117367868456917, 5.68298294030808583589, .14120695298285716013]), 'crg':'0.0', 'pol':Polarizability(noniso =[ [18.3101803415,-5.74572346176,3.59683247211], [-5.74572346176,1.82587986694,-1.12996886031], [3.59683247211, -1.12996886031, 0.728184991577 ]])}
{'elname':'single', 'pos':Position([ 1.21155257633926782937, 4.78478853586284518682, -.26197179319139222173]), 'crg':'0.0', 'pol':Polarizability(noniso =[ [0.0800123973003,0.100740372561,0.0129911727817], [0.100740372561,0.127380081547,0.0163995583857], [0.0129911727817, 0.0163995583857, 0.00232413530843 ]])}
{'elname':'pi', 'pos':Position([ -2.34956551416047403402, 3.96404077877882871748, .44546609339933768877]), 'crg':'0.0', 'pol':Polarizability(noniso =[ [0.200235636789,-1.92118368848,0.0947325248794], [-1.92118368848,20.593166901,-1.01441113101], [0.0947325248794, -1.01441113101, 0.0708426622578 ]])}
{'elname':'single', 'pos':Position([ -3.00477609390578430060, 5.95323645841128453757, .51343387432413943760]), 'crg':'0.0', 'pol':Polarizability(noniso =[ [0.12138893189,0.101093388984,0.0208066716944], [0.101093388984,0.0845458566441,0.0173578421378], [0.0208066716944, 0.0173578421378, 0.00378182562169 ]])}
{'elname':'single', 'pos':Position([ -3.35791205667969065938, 2.14651443788583483944, .71359461443161194397]), 'crg':'0.0', 'pol':Polarizability(noniso =[ [0.155476501083,-0.0842282555087,0.0355291062228], [-0.0842282555087,0.0459008470768,-0.0192735785656], [0.0355291062228, -0.0192735785656, 0.00833926599638 ]])}
{'elname':'pi', 'pos':Position([ -1.35566687302476372753, 1.98816672373639680620, .32075550496128706981]), 'crg':'0.0', 'pol':Polarizability(noniso =[ [15.3870516616,8.75583036753,2.61902948028], [8.75583036753,5.00998195184,1.4923490835], [2.61902948028, 1.4923490835, 0.467211586596 ]])}
{'elname':'single', 'pos':Position([ .99389864113571030649, 2.42829717531291975542, -.14841531343376094056]), 'crg':'0.0', 'pol':Polarizability(noniso =[ [0.11521931403,-0.100711346043,0.0260234133402], [-0.100711346043,0.0883996624192,-0.0227880412247], [0.0260234133402, -0.0227880412247, 0.00609763770677 ]])}
{'elname':'pi', 'pos':Position([ 0, 0, .13005284430243782234]), 'crg':'0.0', 'pol':Polarizability(noniso =[ [0.641122837893,3.53815984442,0.0], [3.53815984442,20.2022997621,0.0], [0.0, 0.0, 0.0208226 ]])}
{'elname':'pi', 'pos':Position([ 1.35566687302476372753, -1.98816672373639680620, .32075550496128706981]), 'crg':'0.0', 'pol':Polarizability(noniso =[ [15.3870516616,8.75583036753,-2.61902948028], [8.75583036753,5.00998195184,-1.4923490835], [-2.61902948028, -1.4923490835, 0.467211586596 ]])}
{'elname':'single', 'pos':Position([ -.99389864113571030649, -2.42829717531291975542, -.14841531343376094056]), 'crg':'0.0', 'pol':Polarizability(noniso =[ [0.11521931403,-0.100711346043,-0.0260234133402], [-0.100711346043,0.0883996624192,0.0227880412247], [-0.0260234133402, 0.0227880412247, 0.00609763770677 ]])}
{'elname':'pi', 'pos':Position([ 2.34956551416047403402, -3.96404077877882871748, .44546609339933768877]), 'crg':'0.0', 'pol':Polarizability(noniso =[ [0.200235636789,-1.92118368848,-0.0947325248794], [-1.92118368848,20.593166901,1.01441113101], [-0.0947325248794, 1.01441113101, 0.0708426622578 ]])}
{'elname':'single', 'pos':Position([ 3.35791205667969065938, -2.14651443788583483944, .71359461443161194397]), 'crg':'0.0', 'pol':Polarizability(noniso =[ [0.155476501083,-0.0842282555087,-0.0355291062228], [-0.0842282555087,0.0459008470768,0.0192735785656], [-0.0355291062228, 0.0192735785656, 0.00833926599638 ]])}
{'elname':'single', 'pos':Position([ 3.00477609390578430060, -5.95323645841128453757, .51343387432413943760]), 'crg':'0.0', 'pol':Polarizability(noniso =[ [0.12138893189,0.101093388984,-0.0208066716944], [0.101093388984,0.0845458566441,-0.0173578421378], [-0.0208066716944, -0.0173578421378, 0.00378182562169 ]])}
{'elname':'pi', 'pos':Position([ 1.01303117367868456917, -5.68298294030808583589, .14120695298285716013]), 'crg':'0.0', 'pol':Polarizability(noniso =[ [18.3101803415,-5.74572346176,-3.59683247211], [-5.74572346176,1.82587986694,1.12996886031], [-3.59683247211, 1.12996886031, 0.728184991577 ]])}
{'elname':'single', 'pos':Position([ -1.21155257633926782937, -4.78478853586284518682, -.26197179319139222173]), 'crg':'0.0', 'pol':Polarizability(noniso =[ [0.0800123973003,0.100740372561,-0.0129911727817], [0.100740372561,0.127380081547,-0.0163995583857], [-0.0129911727817, -0.0163995583857, 0.00232413530843 ]])}
{'elname':'single', 'pos':Position([ -.56011483487950728035, -7.01529752226664338523, -.18679376208952313138]), 'crg':'0.0', 'pol':Polarizability(noniso =[ [0.026382141116,-0.068885718804,-0.00649509767335], [-0.068885718804,0.181513340434,0.0170947982326], [-0.00649509767335, 0.0170947982326, 0.00182113260669 ]])}
