{'elname':'H', 'pos':Position([ .57389093861186763148, 22.76050820027771415699, 1.17461787847246631185]), 'crg':0., 'pol':Polarizability(iso=1.0)}
{'elname':'C', 'pos':Position([ 1.05125277506287118946, 20.80174467078324614136, .83809733299167084296]), 'crg':0., 'pol':Polarizability(iso=1.0)}
{'elname':'C', 'pos':Position([ 3.36480105340895261549, 19.77815370730258219741, .30752647695327765444]), 'crg':0., 'pol':Polarizability(iso=1.0)}
{'elname':'C', 'pos':Position([ 3.27519779763753993936, 17.11314848787891844168, -.04228640236200652635]), 'crg':0., 'pol':Polarizability(iso=1.0)}
{'elname':'S', 'pos':Position([ -1.29038817243070941076, 18.50884731995256031438, .94649013600737144381]), 'crg':0., 'pol':Polarizability(iso=1.0)}
{'elname':'H', 'pos':Position([ 5.08135460106746851527, 20.88746264956237721504, .15436417139665125406]), 'crg':0., 'pol':Polarizability(iso=1.0)}
{'elname':'H', 'pos':Position([ 4.91358282254035132277, 15.97476232914040892162, -.51460644940862909437]), 'crg':0., 'pol':Polarizability(iso=1.0)}
{'elname':'C', 'pos':Position([ .88572977067039169488, 16.10580161050022563330, .22531771965987952617]), 'crg':0., 'pol':Polarizability(iso=1.0)}
{'elname':'C', 'pos':Position([ .07787183574802542513, 13.50341813668464930083, .00270419814005592077]), 'crg':0., 'pol':Polarizability(iso=1.0)}
{'elname':'C', 'pos':Position([ -2.32672533888459291141, 12.54669702322775811202, -.31780658728304998779]), 'crg':0., 'pol':Polarizability(iso=1.0)}
{'elname':'C', 'pos':Position([ -2.41525523019510288803, 9.87894603168844009152, -.48417429927064128991]), 'crg':0., 'pol':Polarizability(iso=1.0)}
{'elname':'S', 'pos':Position([ 2.28328242411048699755, 11.02683562330349833666, .14852302782508392273]), 'crg':0., 'pol':Polarizability(iso=1.0)}
{'elname':'H', 'pos':Position([ -3.98395282336427193008, 13.74277085256129704756, -.47902668520110087887]), 'crg':0., 'pol':Polarizability(iso=1.0)}
{'elname':'H', 'pos':Position([ -4.14834577151094189243, 8.82537456262287944378, -.78322724410651101370]), 'crg':0., 'pol':Polarizability(iso=1.0)}
{'elname':'C', 'pos':Position([ -.07787183574802542513, 8.73276853197756819454, -.29656606520462332844]), 'crg':0., 'pol':Polarizability(iso=1.0)}
{'elname':'C', 'pos':Position([ .55416975636894408904, 6.08328552326139523773, -.40519319426460550454]), 'crg':0., 'pol':Polarizability(iso=1.0)}
{'elname':'C', 'pos':Position([ 2.89521921957333006788, 4.95631331055079470544, -.66197674427394075179]), 'crg':0., 'pol':Polarizability(iso=1.0)}
{'elname':'C', 'pos':Position([ 2.80942754147382011167, 2.28629086816287625392, -.71724367565344841009]), 'crg':0., 'pol':Polarizability(iso=1.0)}
{'elname':'S', 'pos':Position([ -1.81117591612034683278, 3.76112387306180236034, -.18338469609045892377]), 'crg':0., 'pol':Polarizability(iso=1.0)}
{'elname':'H', 'pos':Position([ 4.63015980280329538007, 6.03200402436083791969, -.85096069898703118728]), 'crg':0., 'pol':Polarizability(iso=1.0)}
{'elname':'H', 'pos':Position([ 4.47234499143198157441, 1.11051458755214699348, -.95246922958887873476]), 'crg':0., 'pol':Polarizability(iso=1.0)}
{'elname':'C', 'pos':Position([ .40027234733469242439, 1.30218384314365773884, -.50418838906891680140]), 'crg':0., 'pol':Polarizability(iso=1.0)}
{'elname':'C', 'pos':Position([ -.40027234733469242439, -1.30218384314365773884, -.50418838906891680140]), 'crg':0., 'pol':Polarizability(iso=1.0)}
{'elname':'C', 'pos':Position([ -2.80942754147382011167, -2.28629086816287625392, -.71724367565344841009]), 'crg':0., 'pol':Polarizability(iso=1.0)}
{'elname':'C', 'pos':Position([ -2.89521921957333006788, -4.95631331055079470544, -.66197674427394075179]), 'crg':0., 'pol':Polarizability(iso=1.0)}
{'elname':'S', 'pos':Position([ 1.81117591612034683278, -3.76112387306180236034, -.18338469609045892377]), 'crg':0., 'pol':Polarizability(iso=1.0)}
{'elname':'H', 'pos':Position([ -4.47234499143198157441, -1.11051458755214699348, -.95246922958887873476]), 'crg':0., 'pol':Polarizability(iso=1.0)}
{'elname':'H', 'pos':Position([ -4.63015980280329538007, -6.03200402436083791969, -.85096069898703118728]), 'crg':0., 'pol':Polarizability(iso=1.0)}
{'elname':'C', 'pos':Position([ -.55416975636894408904, -6.08328552326139523773, -.40519319426460550454]), 'crg':0., 'pol':Polarizability(iso=1.0)}
{'elname':'C', 'pos':Position([ .07787183574802542513, -8.73276853197756819454, -.29656606520462332844]), 'crg':0., 'pol':Polarizability(iso=1.0)}
{'elname':'C', 'pos':Position([ 2.41525523019510288803, -9.87894603168844009152, -.48417429927064128991]), 'crg':0., 'pol':Polarizability(iso=1.0)}
{'elname':'C', 'pos':Position([ 2.32672533888459291141, -12.54669702322775811202, -.31780658728304998779]), 'crg':0., 'pol':Polarizability(iso=1.0)}
{'elname':'S', 'pos':Position([ -2.28328242411048699755, -11.02683562330349833666, .14852302782508392273]), 'crg':0., 'pol':Polarizability(iso=1.0)}
{'elname':'H', 'pos':Position([ 4.14834577151094189243, -8.82537456262287944378, -.78322724410651101370]), 'crg':0., 'pol':Polarizability(iso=1.0)}
{'elname':'H', 'pos':Position([ 3.98395282336427193008, -13.74277085256129704756, -.47902668520110087887]), 'crg':0., 'pol':Polarizability(iso=1.0)}
{'elname':'C', 'pos':Position([ -.07787183574802542513, -13.50341813668464930083, .00270419814005592077]), 'crg':0., 'pol':Polarizability(iso=1.0)}
{'elname':'C', 'pos':Position([ -.88572977067039169488, -16.10580161050022563330, .22531771965987952617]), 'crg':0., 'pol':Polarizability(iso=1.0)}
{'elname':'C', 'pos':Position([ -3.27519779763753993936, -17.11314848787891844168, -.04228640236200652635]), 'crg':0., 'pol':Polarizability(iso=1.0)}
{'elname':'C', 'pos':Position([ -3.36480105340895261549, -19.77815370730258219741, .30752647695327765444]), 'crg':0., 'pol':Polarizability(iso=1.0)}
{'elname':'S', 'pos':Position([ 1.29038817243070941076, -18.50884731995256031438, .94649013600737144381]), 'crg':0., 'pol':Polarizability(iso=1.0)}
{'elname':'H', 'pos':Position([ -4.91358282254035132277, -15.97476232914040892162, -.51460644940862909437]), 'crg':0., 'pol':Polarizability(iso=1.0)}
{'elname':'H', 'pos':Position([ -5.08135460106746851527, -20.88746264956237721504, .15436417139665125406]), 'crg':0., 'pol':Polarizability(iso=1.0)}
{'elname':'C', 'pos':Position([ -1.05125277506287118946, -20.80174467078324614136, .83809733299167084296]), 'crg':0., 'pol':Polarizability(iso=1.0)}
{'elname':'H', 'pos':Position([ -.57389093861186763148, -22.76050820027771415699, 1.17461787847246631185]), 'crg':0., 'pol':Polarizability(iso=1.0)}
{'elname':'single', 'pos':Position([ .81257185683736941047, 21.78112643553048014917, 1.00635760573206857740]), 'crg':'0.0', 'pol':Polarizability(noniso =[ [0.0554885738537,0.22358350226,0.0384122131171], [0.22358350226,0.918432388979,0.157617212763], [0.0384122131171, 0.157617212763, 0.0280790371668 ]])}
{'elname':'pi', 'pos':Position([ 2.20802691423591190247, 20.28994918904291416938, .57281190497247424870]), 'crg':'0.0', 'pol':Polarizability(noniso =[ [0.801262432252,0.354062805489,0.183525854078], [0.354062805489,0.157649200536,0.0811979622634], [0.183525854078, 0.0811979622634, 0.0430883672128 ]])}
{'elname':'single', 'pos':Position([ -.11956769868391911065, 19.65529599536790322787, .89229373449952114338]), 'crg':'0.0', 'pol':Polarizability(noniso =[ [0.510448510098,-0.498843830194,0.0235819893997], [-0.498843830194,0.489459897302,-0.0230911067214], [0.0235819893997, -0.0230911067214, 0.00209159260067 ]])}
{'elname':'pi', 'pos':Position([ 3.31999942552324627742, 18.44565109759075031954, .13262003729563556404]), 'crg':'0.0', 'pol':Polarizability(noniso =[ [0.00210895923638,-0.032982977322,-0.00432939874988], [-0.032982977322,0.981988982581,0.128766194555], [-0.00432939874988, 0.128766194555, 0.0179020581826 ]])}
{'elname':'single', 'pos':Position([ 4.22307782723821056538, 20.33280817843247970622, .23094532417496445425]), 'crg':'0.0', 'pol':Polarizability(noniso =[ [0.701762454903,-0.45286210773,0.0625266793377], [-0.45286210773,0.293658499585,-0.0404073642874], [0.0625266793377, -0.0404073642874, 0.00657904551199 ]])}
{'elname':'single', 'pos':Position([ 4.09439031008894563106, 16.54395540850966368165, -.27844642588531781036]), 'crg':'0.0', 'pol':Polarizability(noniso =[ [0.638977723651,0.443281035379,0.183918714996], [0.443281035379,0.309001469396,0.127790791726], [0.183918714996, 0.127790791726, 0.0540208069529 ]])}
{'elname':'pi', 'pos':Position([ 2.08046378415396581712, 16.60947504918957203749, .09151565864893649991]), 'crg':'0.0', 'pol':Polarizability(noniso =[ [0.840305095849,-0.353832467281,0.093996446384], [-0.353832467281,0.150167943244,-0.0396268230757], [0.093996446384, -0.0396268230757, 0.0115269609067 ]])}
{'elname':'single', 'pos':Position([ -.20232920088015885794, 17.30732446522639297384, .58590392783362548499]), 'crg':'0.0', 'pol':Polarizability(noniso =[ [0.429890730637,0.473615887112,0.142135753966], [0.473615887112,0.524005027857,0.156957813253], [0.142135753966, 0.156957813253, 0.048104241506 ]])}
{'elname':'pi', 'pos':Position([ .48180080320920856000, 14.80460987359243746706, .11401095889996772347]), 'crg':'0.0', 'pol':Polarizability(noniso =[ [0.0882264196644,-0.280985781289,-0.0240361326066], [-0.280985781289,0.906150178012,0.0774285076196], [-0.0240361326066, 0.0774285076196, 0.00762340232355 ]])}
{'elname':'pi', 'pos':Position([ -1.12442675156828374314, 13.02505757995620370642, -.15755119457149703351]), 'crg':'0.0', 'pol':Polarizability(noniso =[ [0.850440446528,-0.337968296058,-0.113222633528], [-0.337968296058,0.135468013158,0.0450480792212], [-0.113222633528, 0.0450480792212, 0.016091540314 ]])}
{'elname':'single', 'pos':Position([ 1.18057712992925621134, 12.26512687999407381874, .07561361298256992175]), 'crg':'0.0', 'pol':Polarizability(noniso =[ [0.441980677501,0.495202589668,-0.0291570588471], [0.495202589668,0.557091496352,-0.0327421399278], [-0.0291570588471, -0.0327421399278, 0.00292782614746 ]])}
{'elname':'pi', 'pos':Position([ -2.37099028453984789972, 11.21282152745809910177, -.40099044327684563885]), 'crg':'0.0', 'pol':Polarizability(noniso =[ [0.00209469436156,-0.0329874116556,-0.00205717858186], [-0.0329874116556,0.995039401267,0.0619908159865], [-0.00205717858186, 0.0619908159865, 0.00486590437137 ]])}
{'elname':'single', 'pos':Position([ -3.15533908112443242074, 13.14473393789452757979, -.39841663624207543333]), 'crg':'0.0', 'pol':Polarizability(noniso =[ [0.653787227695,0.471137322113,-0.0635051142672], [0.471137322113,0.341034802873,-0.0458336624967], [-0.0635051142672, -0.0458336624967, 0.00717796943168 ]])}
{'elname':'single', 'pos':Position([ -3.28180050085302239023, 9.35216029715565976765, -.63370077168857615180]), 'crg':'0.0', 'pol':Polarizability(noniso =[ [0.71491023537,-0.433996630602,-0.123188577369], [-0.433996630602,0.264832994741,0.0748881650072], [-0.123188577369, 0.0748881650072, 0.0222567698883 ]])}
{'elname':'pi', 'pos':Position([ -1.24656353297156415658, 9.30585728183300414303, -.39037018223763230917]), 'crg':'0.0', 'pol':Polarizability(noniso =[ [0.802185079904,0.392875346797,-0.0643064883399], [0.392875346797,0.193653410544,-0.0315338297498], [-0.0643064883399, -0.0315338297498, 0.0061615095517 ]])}
{'elname':'single', 'pos':Position([ 1.10270529418123078621, 9.87980207764053326560, -.07402151868976970285]), 'crg':'0.0', 'pol':Polarizability(noniso =[ [0.505668909764,-0.490329817745,-0.095132550696], [-0.490329817745,0.477398140481,0.0924295619206], [-0.095132550696, 0.0924295619206, 0.0189329497554 ]])}
{'elname':'pi', 'pos':Position([ .23814896031045933195, 7.40802702761948171613, -.35087962973461441649]), 'crg':'0.0', 'pol':Polarizability(noniso =[ [0.0547040949845,0.2251245629,0.00922996481512], [0.2251245629,0.944709578116,0.0386914963409], [0.00922996481512, 0.0386914963409, 0.00258632689952 ]])}
{'elname':'pi', 'pos':Position([ 1.72469448797113707846, 5.51979941690609497158, -.53358496926927312816]), 'crg':'0.0', 'pol':Polarizability(noniso =[ [0.80420085437,0.38665780383,0.08810098633], [0.38665780383,0.187135580471,0.0424114761635], [0.08810098633, 0.0424114761635, 0.0106635651594 ]])}
{'elname':'single', 'pos':Position([ -.62850307987570137187, 4.92220469816159879903, -.29428894517753221415]), 'crg':'0.0', 'pol':Polarizability(noniso =[ [0.50743486473,-0.497188903456,0.0474905457055], [-0.497188903456,0.489111745331,-0.0466235126929], [0.0474905457055, -0.0466235126929, 0.00545338993912 ]])}
{'elname':'pi', 'pos':Position([ 2.85232338052357508977, 3.62130208935683547968, -.68961020996369458094]), 'crg':'0.0', 'pol':Polarizability(noniso =[ [0.00202989275003,-0.0320524882686,-0.000663456097432], [-0.0320524882686,0.998542709355,0.0206481876672], [-0.000663456097432, 0.0206481876672, 0.00142739789479 ]])}
{'elname':'single', 'pos':Position([ 3.76268951118831272397, 5.49415866745581631256, -.75646872163048596953]), 'crg':'0.0', 'pol':Polarizability(noniso =[ [0.716469956127,-0.443602735019,0.0779348544234], [-0.443602735019,0.276040740469,-0.0483208474087], [0.0779348544234, -0.0483208474087, 0.00948930340399 ]])}
{'elname':'single', 'pos':Position([ 3.64088626645290084304, 1.69840272785751162370, -.83485645262116357242]), 'crg':'0.0', 'pol':Polarizability(noniso =[ [0.658263767273,0.464722495807,0.0929722841879], [0.464722495807,0.329584974347,0.0657366404478], [0.0929722841879, 0.0657366404478, 0.0141512583798 ]])}
{'elname':'pi', 'pos':Position([ 1.60484994440425626803, 1.79423735565326699638, -.61071603236118260574]), 'crg':'0.0', 'pol':Polarizability(noniso =[ [0.851442948115,-0.347394340412,0.0752095035119], [-0.347394340412,0.142905848026,-0.0307220559864], [0.0752095035119, -0.0307220559864, 0.00765120385918 ]])}
{'elname':'single', 'pos':Position([ -.70545178439282720419, 2.53165385810273004959, -.34378654257968786258]), 'crg':'0.0', 'pol':Polarizability(noniso =[ [0.443545238694,0.492072195609,0.0641978151735], [0.492072195609,0.548141906681,0.0713824420729], [0.0641978151735, 0.0713824420729, 0.0103128546252 ]])}
{'elname':'pi', 'pos':Position([ 0, 0, -.50418838906891680140]), 'crg':'0.0', 'pol':Polarizability(noniso =[ [0.0872426168245,-0.280568325459,0.0], [-0.280568325459,0.913757383176,0.0], [0.0, 0.0, 0.001 ]])}
{'elname':'pi', 'pos':Position([ -1.60484994440425626803, -1.79423735565326699638, -.61071603236118260574]), 'crg':'0.0', 'pol':Polarizability(noniso =[ [0.851442948115,-0.347394340412,-0.0752095035119], [-0.347394340412,0.142905848026,0.0307220559864], [-0.0752095035119, 0.0307220559864, 0.00765120385918 ]])}
{'elname':'single', 'pos':Position([ .70545178439282720419, -2.53165385810273004959, -.34378654257968786258]), 'crg':'0.0', 'pol':Polarizability(noniso =[ [0.443545238694,0.492072195609,-0.0641978151735], [0.492072195609,0.548141906681,-0.0713824420729], [-0.0641978151735, -0.0713824420729, 0.0103128546252 ]])}
{'elname':'pi', 'pos':Position([ -2.85232338052357508977, -3.62130208935683547968, -.68961020996369458094]), 'crg':'0.0', 'pol':Polarizability(noniso =[ [0.00202989275003,-0.0320524882686,0.000663456097432], [-0.0320524882686,0.998542709355,-0.0206481876672], [0.000663456097432, -0.0206481876672, 0.00142739789479 ]])}
{'elname':'single', 'pos':Position([ -3.64088626645290084304, -1.69840272785751162370, -.83485645262116357242]), 'crg':'0.0', 'pol':Polarizability(noniso =[ [0.658263767273,0.464722495807,-0.0929722841879], [0.464722495807,0.329584974347,-0.0657366404478], [-0.0929722841879, -0.0657366404478, 0.0141512583798 ]])}
{'elname':'single', 'pos':Position([ -3.76268951118831272397, -5.49415866745581631256, -.75646872163048596953]), 'crg':'0.0', 'pol':Polarizability(noniso =[ [0.716469956127,-0.443602735019,-0.0779348544234], [-0.443602735019,0.276040740469,0.0483208474087], [-0.0779348544234, 0.0483208474087, 0.00948930340399 ]])}
{'elname':'pi', 'pos':Position([ -1.72469448797113707846, -5.51979941690609497158, -.53358496926927312816]), 'crg':'0.0', 'pol':Polarizability(noniso =[ [0.80420085437,0.38665780383,-0.08810098633], [0.38665780383,0.187135580471,-0.0424114761635], [-0.08810098633, -0.0424114761635, 0.0106635651594 ]])}
{'elname':'single', 'pos':Position([ .62850307987570137187, -4.92220469816159879903, -.29428894517753221415]), 'crg':'0.0', 'pol':Polarizability(noniso =[ [0.50743486473,-0.497188903456,-0.0474905457055], [-0.497188903456,0.489111745331,0.0466235126929], [-0.0474905457055, 0.0466235126929, 0.00545338993912 ]])}
{'elname':'pi', 'pos':Position([ -.23814896031045933195, -7.40802702761948171613, -.35087962973461441649]), 'crg':'0.0', 'pol':Polarizability(noniso =[ [0.0547040949845,0.2251245629,-0.00922996481512], [0.2251245629,0.944709578116,-0.0386914963409], [-0.00922996481512, -0.0386914963409, 0.00258632689952 ]])}
{'elname':'pi', 'pos':Position([ 1.24656353297156415658, -9.30585728183300414303, -.39037018223763230917]), 'crg':'0.0', 'pol':Polarizability(noniso =[ [0.802185079904,0.392875346797,0.0643064883399], [0.392875346797,0.193653410544,0.0315338297498], [0.0643064883399, 0.0315338297498, 0.0061615095517 ]])}
{'elname':'single', 'pos':Position([ -1.10270529418123078621, -9.87980207764053326560, -.07402151868976970285]), 'crg':'0.0', 'pol':Polarizability(noniso =[ [0.505668909764,-0.490329817745,0.095132550696], [-0.490329817745,0.477398140481,-0.0924295619206], [0.095132550696, -0.0924295619206, 0.0189329497554 ]])}
{'elname':'pi', 'pos':Position([ 2.37099028453984789972, -11.21282152745809910177, -.40099044327684563885]), 'crg':'0.0', 'pol':Polarizability(noniso =[ [0.00209469436156,-0.0329874116556,0.00205717858186], [-0.0329874116556,0.995039401267,-0.0619908159865], [0.00205717858186, -0.0619908159865, 0.00486590437137 ]])}
{'elname':'single', 'pos':Position([ 3.28180050085302239023, -9.35216029715565976765, -.63370077168857615180]), 'crg':'0.0', 'pol':Polarizability(noniso =[ [0.71491023537,-0.433996630602,0.123188577369], [-0.433996630602,0.264832994741,-0.0748881650072], [0.123188577369, -0.0748881650072, 0.0222567698883 ]])}
{'elname':'single', 'pos':Position([ 3.15533908112443242074, -13.14473393789452757979, -.39841663624207543333]), 'crg':'0.0', 'pol':Polarizability(noniso =[ [0.653787227695,0.471137322113,0.0635051142672], [0.471137322113,0.341034802873,0.0458336624967], [0.0635051142672, 0.0458336624967, 0.00717796943168 ]])}
{'elname':'pi', 'pos':Position([ 1.12442675156828374314, -13.02505757995620370642, -.15755119457149703351]), 'crg':'0.0', 'pol':Polarizability(noniso =[ [0.850440446528,-0.337968296058,0.113222633528], [-0.337968296058,0.135468013158,-0.0450480792212], [0.113222633528, -0.0450480792212, 0.016091540314 ]])}
{'elname':'single', 'pos':Position([ -1.18057712992925621134, -12.26512687999407381874, .07561361298256992175]), 'crg':'0.0', 'pol':Polarizability(noniso =[ [0.441980677501,0.495202589668,0.0291570588471], [0.495202589668,0.557091496352,0.0327421399278], [0.0291570588471, 0.0327421399278, 0.00292782614746 ]])}
{'elname':'pi', 'pos':Position([ -.48180080320920856000, -14.80460987359243746706, .11401095889996772347]), 'crg':'0.0', 'pol':Polarizability(noniso =[ [0.0882264196644,-0.280985781289,0.0240361326066], [-0.280985781289,0.906150178012,-0.0774285076196], [0.0240361326066, -0.0774285076196, 0.00762340232355 ]])}
{'elname':'pi', 'pos':Position([ -2.08046378415396581712, -16.60947504918957203749, .09151565864893649991]), 'crg':'0.0', 'pol':Polarizability(noniso =[ [0.840305095849,-0.353832467281,-0.093996446384], [-0.353832467281,0.150167943244,0.0396268230757], [-0.093996446384, 0.0396268230757, 0.0115269609067 ]])}
{'elname':'single', 'pos':Position([ .20232920088015885794, -17.30732446522639297384, .58590392783362548499]), 'crg':'0.0', 'pol':Polarizability(noniso =[ [0.429890730637,0.473615887112,-0.142135753966], [0.473615887112,0.524005027857,-0.156957813253], [-0.142135753966, -0.156957813253, 0.048104241506 ]])}
{'elname':'pi', 'pos':Position([ -3.31999942552324627742, -18.44565109759075031954, .13262003729563556404]), 'crg':'0.0', 'pol':Polarizability(noniso =[ [0.00210895923638,-0.032982977322,0.00432939874988], [-0.032982977322,0.981988982581,-0.128766194555], [0.00432939874988, -0.128766194555, 0.0179020581826 ]])}
{'elname':'single', 'pos':Position([ -4.09439031008894563106, -16.54395540850966368165, -.27844642588531781036]), 'crg':'0.0', 'pol':Polarizability(noniso =[ [0.638977723651,0.443281035379,-0.183918714996], [0.443281035379,0.309001469396,-0.127790791726], [-0.183918714996, -0.127790791726, 0.0540208069529 ]])}
{'elname':'single', 'pos':Position([ -4.22307782723821056538, -20.33280817843247970622, .23094532417496445425]), 'crg':'0.0', 'pol':Polarizability(noniso =[ [0.701762454903,-0.45286210773,-0.0625266793377], [-0.45286210773,0.293658499585,0.0404073642874], [-0.0625266793377, 0.0404073642874, 0.00657904551199 ]])}
{'elname':'pi', 'pos':Position([ -2.20802691423591190247, -20.28994918904291416938, .57281190497247424870]), 'crg':'0.0', 'pol':Polarizability(noniso =[ [0.801262432252,0.354062805489,-0.183525854078], [0.354062805489,0.157649200536,-0.0811979622634], [-0.183525854078, -0.0811979622634, 0.0430883672128 ]])}
{'elname':'single', 'pos':Position([ .11956769868391911065, -19.65529599536790322787, .89229373449952114338]), 'crg':'0.0', 'pol':Polarizability(noniso =[ [0.510448510098,-0.498843830194,-0.0235819893997], [-0.498843830194,0.489459897302,0.0230911067214], [-0.0235819893997, 0.0230911067214, 0.00209159260067 ]])}
{'elname':'single', 'pos':Position([ -.81257185683736941047, -21.78112643553048014917, 1.00635760573206857740]), 'crg':'0.0', 'pol':Polarizability(noniso =[ [0.0554885738537,0.22358350226,-0.0384122131171], [0.22358350226,0.918432388979,-0.157617212763], [-0.0384122131171, -0.157617212763, 0.0280790371668 ]])}
