{'elname':'H', 'pos':Position([ 0, -4.31810554196212535233, .53041778821914474017]), 'crg':0.1904740, 'pol':Polarizability(iso=1.0)}
{'elname':'C', 'pos':Position([ 0, -2.35007668508771730906, -.02192649267579933526]), 'crg':-0.2299760, 'pol':Polarizability(iso=1.0)}
{'elname':'C', 'pos':Position([ 0, -1.35100113912693139462, -2.40507149589967217030]), 'crg':-0.0623720, 'pol':Polarizability(iso=1.0)}
{'elname':'C', 'pos':Position([ 0, 1.35100113912693139462, -2.40507149589967217030]), 'crg':-0.0623720, 'pol':Polarizability(iso=1.0)}
{'elname':'S', 'pos':Position([ 0, 0, 2.26719518528009143251]), 'crg':0.0072510, 'pol':Polarizability(iso=1.0)}
{'elname':'H', 'pos':Position([ 0, -2.49538150925625669435, -4.10598944928088360571]), 'crg':0.0982480, 'pol':Polarizability(iso=1.0)}
{'elname':'H', 'pos':Position([ 0, 2.49538150925625669435, -4.10598944928088360571]), 'crg':0.0982480, 'pol':Polarizability(iso=1.0)}
{'elname':'C', 'pos':Position([ 0, 2.35007668508771730906, -.02192649267579933526]), 'crg':-0.2299760, 'pol':Polarizability(iso=1.0)}
{'elname':'H', 'pos':Position([ 0, 4.31810554196212535233, .53041778821914474017]), 'crg':0.1904740, 'pol':Polarizability(iso=1.0)}
{'elname':'single', 'pos':Position([ .07262973537030695956, -14.42938206710342017758, -.50528254051761867291]), 'crg':'0.0', 'pol':Polarizability(noniso =[ [0.0715743636535,-0.25566668416,-0.0329548286519], [-0.25566668416,0.913252316235,0.11771605556], [-0.0329548286519, 0.11771605556, 0.0151733201113 ]])}
{'elname':'pi', 'pos':Position([ 1.52163018361335295624, -12.97059000274388238948, -.14329415553051038480]), 'crg':'0.0', 'pol':Polarizability(noniso =[ [0.827443817851,-0.339358865187,-0.166180945869], [-0.339358865187,0.139180977483,0.068155657205], [-0.166180945869, 0.068155657205, 0.0333752046654 ]])}
{'elname':'single', 'pos':Position([ -.78525869973233918619, -12.26963765634649414222, -.47360033652243520695]), 'crg':'0.0', 'pol':Polarizability(noniso =[ [0.476056848979,0.497850608427,-0.0396421140662], [0.497850608427,0.520642080548,-0.0414569197976], [-0.0396421140662, -0.0414569197976, 0.00330107047301 ]])}
{'elname':'pi', 'pos':Position([ 2.69939540101123026464, -11.14897618415910587228, .21238821324879454367]), 'crg':'0.0', 'pol':Polarizability(noniso =[ [2.62734397093e-06,-0.00161448521785,-0.000144133789753], [-0.00161448521785,0.992090319153,0.0885692454142], [-0.000144133789753, 0.0885692454142, 0.00790705350289 ]])}
{'elname':'single', 'pos':Position([ 3.53669904901420544951, -13.06863938960333136045, .18671250386449000448]), 'crg':'0.0', 'pol':Polarizability(noniso =[ [0.671063361554,0.463791294297,-0.0750663817406], [0.463791294297,0.320539574934,-0.0518805471141], [-0.0750663817406, -0.0518805471141, 0.00839706351211 ]])}
{'elname':'single', 'pos':Position([ 3.54167375313978002075, -9.25962702096764562040, .53854361072245743013]), 'crg':'0.0', 'pol':Polarizability(noniso =[ [0.671643929219,-0.439617127085,-0.165151878997], [-0.439617127085,0.287746542504,0.108098341128], [-0.165151878997, 0.108098341128, 0.0406095282776 ]])}
{'elname':'pi', 'pos':Position([ 1.52380998274302067435, -9.27086711218850698782, .18520639211213181519]), 'crg':'0.0', 'pol':Polarizability(noniso =[ [0.81653550925,0.373432968515,-0.101750132236], [0.373432968515,0.170785202106,-0.0465342333519], [-0.101750132236, -0.0465342333519, 0.0126792886441 ]])}
{'elname':'single', 'pos':Position([ -.78525869973233918619, -9.90938668559416392089, -.26468166050993882578]), 'crg':'0.0', 'pol':Polarizability(noniso =[ [0.464145089133,-0.482957517749,-0.124364228845], [-0.482957517749,0.502532439557,0.129404879349], [-0.124364228845, 0.129404879349, 0.0333224713095 ]])}
{'elname':'pi', 'pos':Position([ -.01255912008302700872, -7.41430280820866809832, .09832056256391998747]), 'crg':'0.0', 'pol':Polarizability(noniso =[ [0.0688009083229,0.25285444144,0.0114880277244], [0.25285444144,0.929280878906,0.0422203558689], [0.0114880277244, 0.0422203558689, 0.00191821277093 ]])}
{'elname':'pi', 'pos':Position([ -1.55528998603870310360, -5.57088438428564193619, .30380088182181696414]), 'crg':'0.0', 'pol':Polarizability(noniso =[ [0.825041761118,0.366136615181,0.101448669551], [0.366136615181,0.162483921777,0.0450208392283], [0.101448669551, 0.0450208392283, 0.0124743171057 ]])}
{'elname':'single', 'pos':Position([ .77264572245365068639, -4.90040387227567627629, .03069293234855923497]), 'crg':'0.0', 'pol':Polarizability(noniso =[ [0.474897904843,-0.496555482262,0.0529390012572], [-0.496555482262,0.519200747045,-0.0553532686324], [0.0529390012572, -0.0553532686324, 0.00590134811195 ]])}
{'elname':'pi', 'pos':Position([ -2.73746109998692309494, -3.70815201410793964668, .47918636706192179103]), 'crg':'0.0', 'pol':Polarizability(noniso =[ [2.13817238946e-06,-0.00146188498961,-3.25590975305e-05], [-0.00146188498961,0.99950206699,0.0222609066461], [-3.25590975305e-05, 0.0222609066461, 0.000495794837323 ]])}
{'elname':'single', 'pos':Position([ -3.58772260029343667867, -5.61063004982074057612, .55739362920397930976]), 'crg':'0.0', 'pol':Polarizability(noniso =[ [0.684847829366,-0.456322903484,0.0871819232106], [-0.456322903484,0.304053810664,-0.0580904350206], [0.0871819232106, -0.0580904350206, 0.0110983599696 ]])}
{'elname':'single', 'pos':Position([ -3.58246065779100082165, -1.80889974095633749904, .64156959143364453343]), 'crg':'0.0', 'pol':Polarizability(noniso =[ [0.682672265112,0.452998387952,0.106879858119], [0.452998387952,0.300594516541,0.0709218843463], [0.106879858119, 0.0709218843463, 0.0167332183471 ]])}
{'elname':'pi', 'pos':Position([ -1.54870051090636558037, -1.84296394478068971981, .38760173340801531131]), 'crg':'0.0', 'pol':Polarizability(noniso =[ [0.827576735272,-0.368145342354,0.0846314918441], [-0.368145342354,0.163768490969,-0.0376480974041], [0.0846314918441, -0.0376480974041, 0.00865477375872 ]])}
{'elname':'single', 'pos':Position([ .77727933100670248076, -2.50972453083768537268, .08471075473395301233]), 'crg':'0.0', 'pol':Polarizability(noniso =[ [0.470529895437,0.493467257529,0.0749771877531], [0.493467257529,0.517522768724,0.0786321710408], [0.0749771877531, 0.0786321710408, 0.0119473358396 ]])}
{'elname':'pi', 'pos':Position([ 0, 0, .26623407055330426178]), 'crg':'0.0', 'pol':Polarizability(noniso =[ [0.0704041888305,-0.255826970872,0.0], [-0.255826970872,0.929595811169,0.0], [0.0, 0.0, 0.0 ]])}
{'elname':'pi', 'pos':Position([ 1.54870051090636558037, 1.84296394478068971981, .38760173340801531131]), 'crg':'0.0', 'pol':Polarizability(noniso =[ [0.827576735272,-0.368145342354,-0.0846314918441], [-0.368145342354,0.163768490969,0.0376480974041], [-0.0846314918441, 0.0376480974041, 0.00865477375872 ]])}
{'elname':'single', 'pos':Position([ -.77727933100670248076, 2.50972453083768537268, .08471075473395301233]), 'crg':'0.0', 'pol':Polarizability(noniso =[ [0.470529895437,0.493467257529,-0.0749771877531], [0.493467257529,0.517522768724,-0.0786321710408], [-0.0749771877531, -0.0786321710408, 0.0119473358396 ]])}
{'elname':'pi', 'pos':Position([ 2.73746109998692309494, 3.70815201410793964668, .47918636706192179103]), 'crg':'0.0', 'pol':Polarizability(noniso =[ [0.470529895437,0.493467257529,-0.0749771877531], [0.493467257529,0.517522768724,-0.0786321710408], [-0.0749771877531, -0.0786321710408, 0.0119473358396 ]])}
{'elname':'single', 'pos':Position([ 3.58246065779100082165, 1.80889974095633749904, .64156959143364453343]), 'crg':'0.0', 'pol':Polarizability(noniso =[ [0.682672265112,0.452998387952,-0.106879858119], [0.452998387952,0.300594516541,-0.0709218843463], [-0.106879858119, -0.0709218843463, 0.0167332183471 ]])}
{'elname':'single', 'pos':Position([ 3.58772260029343667867, 5.61063004982074057612, .55739362920397930976]), 'crg':'0.0', 'pol':Polarizability(noniso =[ [0.684847829366,-0.456322903484,-0.0871819232106], [-0.456322903484,0.304053810664,0.0580904350206], [-0.0871819232106, 0.0580904350206, 0.0110983599696 ]])}
{'elname':'pi', 'pos':Position([ 1.55528998603870310360, 5.57088438428564193619, .30380088182181696414]), 'crg':'0.0', 'pol':Polarizability(noniso =[ [0.825041761118,0.366136615181,-0.101448669551], [0.366136615181,0.162483921777,-0.0450208392283], [-0.101448669551, -0.0450208392283, 0.0124743171057 ]])}
{'elname':'single', 'pos':Position([ -.77264572245365068639, 4.90040387227567627629, .03069293234855923497]), 'crg':'0.0', 'pol':Polarizability(noniso =[ [0.474897904843,-0.496555482262,-0.0529390012572], [-0.496555482262,0.519200747045,0.0553532686324], [-0.0529390012572, 0.0553532686324, 0.00590134811195 ]])}
{'elname':'pi', 'pos':Position([ .01255912008302700872, 7.41430280820866809832, .09832056256391998747]), 'crg':'0.0', 'pol':Polarizability(noniso =[ [0.0688009083229,0.25285444144,-0.0114880277244], [0.25285444144,0.929280878906,-0.0422203558689], [-0.0114880277244, -0.0422203558689, 0.00191821277093 ]])}
{'elname':'pi', 'pos':Position([ -1.52380998274302067435, 9.27086711218850698782, .18520639211213181519]), 'crg':'0.0', 'pol':Polarizability(noniso =[ [0.0688009083229,0.25285444144,-0.0114880277244], [0.25285444144,0.929280878906,-0.0422203558689], [-0.0114880277244, -0.0422203558689, 0.00191821277093 ]])}
{'elname':'single', 'pos':Position([ .78525869973233918619, 9.90938668559416392089, -.26468166050993882578]), 'crg':'0.0', 'pol':Polarizability(noniso =[ [0.464145089133,-0.482957517749,0.124364228845], [-0.482957517749,0.502532439557,-0.129404879349], [0.124364228845, -0.129404879349, 0.0333224713095 ]])}
{'elname':'pi', 'pos':Position([ -2.69939540101123026464, 11.14897618415910587228, .21238821324879454367]), 'crg':'0.0', 'pol':Polarizability(noniso =[ [0.464145089133,-0.482957517749,0.124364228845], [-0.482957517749,0.502532439557,-0.129404879349], [0.124364228845, -0.129404879349, 0.0333224713095 ]])}
{'elname':'single', 'pos':Position([ -3.54167375313978002075, 9.25962702096764562040, .53854361072245743013]), 'crg':'0.0', 'pol':Polarizability(noniso =[ [0.464145089133,-0.482957517749,0.124364228845], [-0.482957517749,0.502532439557,-0.129404879349], [0.124364228845, -0.129404879349, 0.0333224713095 ]])}
{'elname':'single', 'pos':Position([ 0, -3.33409111352492133069, .25424564777167270245]), 'crg':'0.0', 'pol':Polarizability(noniso =[ [0.001,2.13520065344e-16,-6.00004271835e-17], [2.13520065344e-16,0.92705530342,-0.259905411879], [-6.00105902471e-17, -0.259905411879, 0.0739446965799 ]])}
{'elname':'pi', 'pos':Position([ 0, -1.85053891210732435184, -1.21349899428773575278]), 'crg':'0.0', 'pol':Polarizability(noniso =[ [0.001,8.58146019522e-17,-2.04560879323e-16], [8.58146019522e-17,0.150329690473,-0.356203599541], [-2.04561844894e-16, -0.356203599541, 0.850670309527 ]])}
{'elname':'single', 'pos':Position([ 0, -1.17503834254385865453, 1.12263434630214604862]), 'crg':'0.0', 'pol':Polarizability(noniso =[ [0.001,1.58781408161e-16,1.54824488577e-16], [1.58835618269e-16,0.513623720228,0.4993275658], [1.54769860122e-16, 0.4993275658, 0.487376279772 ]])}
{'elname':'pi', 'pos':Position([ 0, 0, -2.40507149589967217030]), 'crg':'0.0', 'pol':Polarizability(noniso =[ [0.001,2.2182256032e-16,0.0], [2.2182256032e-16,1.0,0.0], [0.0, 0.0, 0.001 ]])}
{'elname':'single', 'pos':Position([ 0, -1.92319132419159404448, -3.25553047259027788800]), 'crg':'0.0', 'pol':Polarizability(noniso =[ [0.001,-1.23924308315e-16,-1.84120553439e-16], [-1.23815888098e-16,0.312297025846,0.4626876814], [-1.84097528888e-16, 0.4626876814, 0.688702974154 ]])}
{'elname':'single', 'pos':Position([ 0, 1.92319132419159404448, -3.25553047259027788800]), 'crg':'0.0', 'pol':Polarizability(noniso =[ [0.001,1.23924308315e-16,-1.84120553439e-16], [1.23815888098e-16,0.312297025846,-0.4626876814], [-1.84097528888e-16, -0.4626876814, 0.688702974154 ]])}
{'elname':'pi', 'pos':Position([ 0, 1.85053891210732435184, -1.21349899428773575278]), 'crg':'0.0', 'pol':Polarizability(noniso =[ [0.001,8.58146019522e-17,2.04560879323e-16], [8.58146019522e-17,0.150329690473,0.356203599541], [2.04561844894e-16, 0.356203599541, 0.850670309527 ]])}
{'elname':'single', 'pos':Position([ 0, 1.17503834254385865453, 1.12263434630214604862]), 'crg':'0.0', 'pol':Polarizability(noniso =[ [0.001,1.58781408161e-16,-1.54824488577e-16], [1.58835618269e-16,0.513623720228,-0.4993275658], [-1.54769860122e-16, -0.4993275658, 0.487376279772 ]])}
{'elname':'single', 'pos':Position([ 0, 3.33409111352492133069, .25424564777167270245]), 'crg':'0.0', 'pol':Polarizability(noniso =[ [0.001,2.13520065344e-16,6.00004271835e-17], [2.13520065344e-16,0.92705530342,0.259905411879], [6.00105902471e-17, 0.259905411879, 0.0739446965799 ]])}
