{'elname':'H', 'pos':Position([ .23629513894400590199, 1.44699544878350767946, 26.44492052945591760189]), 'crg':0., 'pol':Polarizability(iso=1.0)}
{'elname':'C', 'pos':Position([ -.31027035934276835812, 1.09357886167431249872, 24.50734649943346009616]), 'crg':0., 'pol':Polarizability(iso=1.0)}
{'elname':'C', 'pos':Position([ -2.66618440854972587632, .60002963090624463790, 23.56515360072202657257]), 'crg':0., 'pol':Polarizability(iso=1.0)}
{'elname':'C', 'pos':Position([ -2.66908135875846502834, .21145657825015892597, 20.90403932746913510257]), 'crg':0., 'pol':Polarizability(iso=1.0)}
{'elname':'S', 'pos':Position([ 1.95901864252654876287, 1.11841553264199591365, 22.14054573779822713450]), 'crg':0., 'pol':Polarizability(iso=1.0)}
{'elname':'H', 'pos':Position([ -4.34947310655107589669, .50027287645801822149, 24.73011497849869571100]), 'crg':0., 'pol':Polarizability(iso=1.0)}
{'elname':'H', 'pos':Position([ -4.35284815747919600466, -.23993286180886100156, 19.82496222437399041379]), 'crg':0., 'pol':Polarizability(iso=1.0)}
{'elname':'C', 'pos':Position([ -.30763230161843707552, .41227399819946891135, 19.81804393688919326078]), 'crg':0., 'pol':Polarizability(iso=1.0)}
{'elname':'C', 'pos':Position([ .41213982764185607392, .13469212203398029998, 17.19524197187633934341]), 'crg':0., 'pol':Polarizability(iso=1.0)}
{'elname':'C', 'pos':Position([ 2.77885933105205590868, -.24445686624442625268, 16.16782053346213706864]), 'crg':0., 'pol':Polarizability(iso=1.0)}
{'elname':'C', 'pos':Position([ 2.77886877968287371413, -.45475882180864935223, 13.50183832561191222902]), 'crg':0., 'pol':Polarizability(iso=1.0)}
{'elname':'S', 'pos':Position([ -1.86869918053914643336, .28053929761146171830, 14.78792548129435659737]), 'crg':0., 'pol':Polarizability(iso=1.0)}
{'elname':'H', 'pos':Position([ 4.47062156117081385970, -.41634635808194306179, 17.31294734542606899919]), 'crg':0., 'pol':Polarizability(iso=1.0)}
{'elname':'H', 'pos':Position([ 4.47204830442430248317, -.80152735227443661593, 12.39909807149665556263]), 'crg':0., 'pol':Polarizability(iso=1.0)}
{'elname':'C', 'pos':Position([ .40952255690532396331, -.24332492027245315935, 12.42752900162743217205]), 'crg':0., 'pol':Polarizability(iso=1.0)}
{'elname':'C', 'pos':Position([ -.30863007703279733140, -.38294733786716434494, 9.80180740969187636957]), 'crg':0., 'pol':Polarizability(iso=1.0)}
{'elname':'C', 'pos':Position([ -2.68917670678177366674, -.61227505644612050556, 8.75414511433977125242]), 'crg':0., 'pol':Polarizability(iso=1.0)}
{'elname':'C', 'pos':Position([ -2.69013101849437201753, -.71191842732453325653, 6.08431731374669959325]), 'crg':0., 'pol':Polarizability(iso=1.0)}
{'elname':'S', 'pos':Position([ 1.98498914919236883221, -.24594597046131239214, 7.40248824023408415933]), 'crg':0., 'pol':Polarizability(iso=1.0)}
{'elname':'H', 'pos':Position([ -4.39209021099170561392, -.74924996768568260310, 9.88735720284245050618]), 'crg':0., 'pol':Polarizability(iso=1.0)}
{'elname':'H', 'pos':Position([ -4.39459031870609693690, -.93128539929535890813, 4.96639122018106600208]), 'crg':0., 'pol':Polarizability(iso=1.0)}
{'elname':'C', 'pos':Position([ -.31004359220314102724, -.56150756306205180419, 5.02038447612633348526]), 'crg':0., 'pol':Polarizability(iso=1.0)}
{'elname':'C', 'pos':Position([ .40566562580549577721, -.61862075690335864810, 2.39259174431551472739]), 'crg':0., 'pol':Polarizability(iso=1.0)}
{'elname':'C', 'pos':Position([ 2.78170525865437891126, -.85871424543612234238, 1.33560554007239918877]), 'crg':0., 'pol':Polarizability(iso=1.0)}
{'elname':'C', 'pos':Position([ 2.78170525865437891126, -.85871424543612234238, -1.33560554007239918877]), 'crg':0., 'pol':Polarizability(iso=1.0)}
{'elname':'S', 'pos':Position([ -1.88378486450285462034, -.34591626396602121179, 0]), 'crg':0., 'pol':Polarizability(iso=1.0)}
{'elname':'H', 'pos':Position([ 4.48170858457242677878, -1.07075474907082164537, 2.46164611778436410336]), 'crg':0., 'pol':Polarizability(iso=1.0)}
{'elname':'H', 'pos':Position([ 4.48170858457242677878, -1.07075474907082164537, -2.46164611778436410336]), 'crg':0., 'pol':Polarizability(iso=1.0)}
{'elname':'C', 'pos':Position([ .40566562580549577721, -.61862075690335864810, -2.39259174431551472739]), 'crg':0., 'pol':Polarizability(iso=1.0)}
{'elname':'C', 'pos':Position([ -.31004359220314102724, -.56150756306205180419, -5.02038447612633348526]), 'crg':0., 'pol':Polarizability(iso=1.0)}
{'elname':'C', 'pos':Position([ -2.69013101849437201753, -.71191842732453325653, -6.08431731374669959325]), 'crg':0., 'pol':Polarizability(iso=1.0)}
{'elname':'C', 'pos':Position([ -2.68917670678177366674, -.61227505644612050556, -8.75414511433977125242]), 'crg':0., 'pol':Polarizability(iso=1.0)}
{'elname':'S', 'pos':Position([ 1.98498914919236883221, -.24594597046131239214, -7.40248824023408415933]), 'crg':0., 'pol':Polarizability(iso=1.0)}
{'elname':'H', 'pos':Position([ -4.39459031870609693690, -.93128539929535890813, -4.96639122018106600208]), 'crg':0., 'pol':Polarizability(iso=1.0)}
{'elname':'H', 'pos':Position([ -4.39209021099170561392, -.74924996768568260310, -9.88735720284245050618]), 'crg':0., 'pol':Polarizability(iso=1.0)}
{'elname':'C', 'pos':Position([ -.30863007703279733140, -.38294733786716434494, -9.80180740969187636957]), 'crg':0., 'pol':Polarizability(iso=1.0)}
{'elname':'C', 'pos':Position([ .40952255690532396331, -.24332492027245315935, -12.42752900162743217205]), 'crg':0., 'pol':Polarizability(iso=1.0)}
{'elname':'C', 'pos':Position([ 2.77886877968287371413, -.45475882180864935223, -13.50183832561191222902]), 'crg':0., 'pol':Polarizability(iso=1.0)}
{'elname':'C', 'pos':Position([ 2.77885933105205590868, -.24445686624442625268, -16.16782053346213706864]), 'crg':0., 'pol':Polarizability(iso=1.0)}
{'elname':'S', 'pos':Position([ -1.86869918053914643336, .28053929761146171830, -14.78792548129435659737]), 'crg':0., 'pol':Polarizability(iso=1.0)}
{'elname':'H', 'pos':Position([ 4.47204830442430248317, -.80152735227443661593, -12.39909807149665556263]), 'crg':0., 'pol':Polarizability(iso=1.0)}
{'elname':'H', 'pos':Position([ 4.47062156117081385970, -.41634635808194306179, -17.31294734542606899919]), 'crg':0., 'pol':Polarizability(iso=1.0)}
{'elname':'C', 'pos':Position([ .41213982764185607392, .13469212203398029998, -17.19524197187633934341]), 'crg':0., 'pol':Polarizability(iso=1.0)}
{'elname':'C', 'pos':Position([ -.30763230161843707552, .41227399819946891135, -19.81804393688919326078]), 'crg':0., 'pol':Polarizability(iso=1.0)}
{'elname':'C', 'pos':Position([ -2.66908135875846502834, .21145657825015892597, -20.90403932746913510257]), 'crg':0., 'pol':Polarizability(iso=1.0)}
{'elname':'C', 'pos':Position([ -2.66618440854972587632, .60002963090624463790, -23.56515360072202657257]), 'crg':0., 'pol':Polarizability(iso=1.0)}
{'elname':'S', 'pos':Position([ 1.95901864252654876287, 1.11841553264199591365, -22.14054573779822713450]), 'crg':0., 'pol':Polarizability(iso=1.0)}
{'elname':'H', 'pos':Position([ -4.35284815747919600466, -.23993286180886100156, -19.82496222437399041379]), 'crg':0., 'pol':Polarizability(iso=1.0)}
{'elname':'H', 'pos':Position([ -4.34947310655107589669, .50027287645801822149, -24.73011497849869571100]), 'crg':0., 'pol':Polarizability(iso=1.0)}
{'elname':'C', 'pos':Position([ -.31027035934276835812, 1.09357886167431249872, -24.50734649943346009616]), 'crg':0., 'pol':Polarizability(iso=1.0)}
{'elname':'H', 'pos':Position([ .23629513894400590199, 1.44699544878350767946, -26.44492052945591760189]), 'crg':0., 'pol':Polarizability(iso=1.0)}
{'elname':'single', 'pos':Position([ -.03698761019938122806, 1.27028715522891008909, 25.47613351444468884902]), 'crg':'0.0', 'pol':Polarizability(noniso =[ [0.0724330387381,-0.0461895616112,-0.253230035885], [-0.0461895616112,0.0308667904869,0.163741940017], [-0.253230035885, 0.163741940017, 0.898700170775 ]])}
{'elname':'pi', 'pos':Position([ -1.48822738394624711722, .84680424629027856831, 24.03625005007774333436]), 'crg':'0.0', 'pol':Polarizability(noniso =[ [0.830852094889,-0.173848813891,-0.331879998359], [-0.173848813891,0.0374202371452,0.0695267800422], [-0.331879998359, 0.0695267800422, 0.133727667966 ]])}
{'elname':'single', 'pos':Position([ .82437414159189020237, 1.10599719715815420618, 23.32394611861584361533]), 'crg':'0.0', 'pol':Polarizability(noniso =[ [0.479469682037,-0.00523670367722,0.499029611006], [-0.00523670367722,0.00105731411296,-0.00546172578349], [0.499029611006, -0.00546172578349, 0.521473003851 ]])}
{'elname':'pi', 'pos':Position([ -2.66763288365409545233, .40574310457820178193, 22.23459646409558083757]), 'crg':'0.0', 'pol':Polarizability(noniso =[ [0.0010011591977,-0.00015548523687,-0.00106482932948], [-0.00015548523687,0.0218555096843,0.142827440343], [-0.00106482932948, 0.142827440343, 0.979143331118 ]])}
{'elname':'single', 'pos':Position([ -3.50782875755040088650, .55015125368213142969, 24.14763428961036114178]), 'crg':'0.0', 'pol':Polarizability(noniso =[ [0.674871094176,-0.039935629195,0.466369078131], [-0.039935629195,0.00336670558061,-0.027638435204], [0.466369078131, -0.027638435204, 0.323762200243 ]])}
{'elname':'single', 'pos':Position([ -3.51096475811883051650, -.01423814177935103779, 20.36450077592156275818]), 'crg':'0.0', 'pol':Polarizability(noniso =[ [0.674823525305,-0.180640706312,-0.431833872859], [-0.180640706312,0.0494267223561,0.115767367676], [-0.431833872859, 0.115767367676, 0.277749752339 ]])}
{'elname':'pi', 'pos':Position([ -1.48835683018845105193, .31186528822481391866, 20.36104163217916418167]), 'crg':'0.0', 'pol':Polarizability(noniso =[ [0.820708347327,-0.0697079257007,0.376971709013], [-0.0697079257007,0.00692795586545,-0.032057640951], [0.376971709013, -0.032057640951, 0.174363696807 ]])}
{'elname':'single', 'pos':Position([ .82569317045405584367, .76534476542073241250, 20.97929483734371019764]), 'crg':'0.0', 'pol':Polarizability(noniso =[ [0.466313026887,-0.14496138263,-0.476778458422], [-0.14496138263,0.0461605720013,0.148533268031], [-0.476778458422, 0.148533268031, 0.489526401112 ]])}
{'elname':'pi', 'pos':Position([ .05225376301170949920, .27348306011672460566, 18.50664295438276630209]), 'crg':'0.0', 'pol':Polarizability(noniso =[ [0.0702452560903,0.0267046018034,0.252325126743], [0.0267046018034,0.0112986947806,0.097309800196], [0.252325126743, 0.097309800196, 0.920456049129 ]])}
{'elname':'pi', 'pos':Position([ 1.59549957934695599130, -.05488237210522297635, 16.68153125266923820602]), 'crg':'0.0', 'pol':Polarizability(noniso =[ [0.823819950708,0.13181593822,0.357196049677], [0.13181593822,0.0221169424781,0.0572228862174], [0.357196049677, 0.0572228862174, 0.156063106814 ]])}
{'elname':'single', 'pos':Position([ -.72827967644864517972, .20761570982272100914, 15.99158372658534797039]), 'crg':'0.0', 'pol':Polarizability(noniso =[ [0.472656201763,0.030159833563,-0.497810563708], [0.030159833563,0.00292855634496,-0.0318322619128], [-0.497810563708, -0.0318322619128, 0.526415241892 ]])}
{'elname':'pi', 'pos':Position([ 2.77886405536746481140, -.34960784402653780245, 14.83482942953702464883]), 'crg':'0.0', 'pol':Polarizability(noniso =[ [0.00100000001247,2.77567821789e-07,3.51870657777e-06], [2.77567821789e-07,0.0071779380368,0.0783172597854], [3.51870657777e-06, 0.0783172597854, 0.993822061951 ]])}
{'elname':'single', 'pos':Position([ 3.62474044611143488419, -.33040161216318465723, 16.74038393944410303391]), 'crg':'0.0', 'pol':Polarizability(noniso =[ [0.681288180929,0.0691198725455,-0.460476195753], [0.0691198725455,0.00802284254619,-0.0467861368945], [-0.460476195753, -0.0467861368945, 0.312688976524 ]])}
{'elname':'single', 'pos':Position([ 3.62545854205358809865, -.62814308704154298408, 12.95046819855428389582]), 'crg':'0.0', 'pol':Polarizability(noniso =[ [0.682392745073,0.139551392765,0.443779999625], [0.139551392765,0.0295805673211,0.0908875497674], [0.443779999625, 0.0908875497674, 0.290026687606 ]])}
{'elname':'pi', 'pos':Position([ 1.59419566829409883872, -.34904187104055125579, 12.96468366361967220053]), 'crg':'0.0', 'pol':Polarizability(noniso =[ [0.824202532551,0.0734603164107,-0.373256617266], [0.0734603164107,0.00755539539029,-0.0333083878178], [-0.373256617266, -0.0333083878178, 0.170242072059 ]])}
{'elname':'single', 'pos':Position([ -.72958831181691123502, .01860718866950427947, 13.60772724146089438471]), 'crg':'0.0', 'pol':Polarizability(noniso =[ [0.47082695171,0.108034053294,0.486773462233], [0.108034053294,0.0258418202247,0.111930807651], [0.486773462233, 0.111930807651, 0.505331228065 ]])}
{'elname':'pi', 'pos':Position([ .05044623993626331595, -.31313612906980875214, 11.11466820565965427081]), 'crg':'0.0', 'pol':Polarizability(noniso =[ [0.0703474602658,-0.0134824542845,-0.253549336396], [-0.0134824542845,0.00362124341449,0.0492947733589], [-0.253549336396, 0.0492947733589, 0.92803129632 ]])}
{'elname':'pi', 'pos':Position([ -1.49890339190728549907, -.49761119715664242525, 9.27797626201582381099]), 'crg':'0.0', 'pol':Polarizability(noniso =[ [0.831450004581,-0.0800006194227,-0.365475369019], [-0.0800006194227,0.00870678436114,0.0352077256234], [-0.365475369019, 0.0352077256234, 0.161843211058 ]])}
{'elname':'single', 'pos':Position([ .83817953607978575040, -.31444665416423836854, 8.60214782496298026445]), 'crg':'0.0', 'pol':Polarizability(noniso =[ [0.477199484284,-0.0284441199999,0.498144826335], [-0.0284441199999,0.00269901058122,-0.0297549486828], [0.498144826335, -0.0297549486828, 0.522101505135 ]])}
{'elname':'pi', 'pos':Position([ -2.68965386263807284213, -.66209674188532688104, 7.41923121404323542283]), 'crg':'0.0', 'pol':Polarizability(noniso =[ [0.00100012746029,-1.33086214951e-05,-0.000356588976686], [-1.33086214951e-05,0.00238960456003,0.0372328319835], [-0.000356588976686, 0.0372328319835, 0.99861026798 ]])}
{'elname':'single', 'pos':Position([ -3.54063345888673964033, -.68076251206590155433, 9.32075115859111087930]), 'crg':'0.0', 'pol':Polarizability(noniso =[ [0.690298245413,-0.0554441348604,0.458696875886], [-0.0554441348604,0.00545968361428,-0.036895569684], [0.458696875886, -0.036895569684, 0.306242070973 ]])}
{'elname':'single', 'pos':Position([ -3.54236066860023447721, -.82160191330994608233, 5.52535426696388279766]), 'crg':'0.0', 'pol':Polarizability(noniso =[ [0.69151473382,-0.0888704859309,-0.452896962006], [-0.0888704859309,0.0124377910894,0.0582886521008], [-0.452896962006, 0.0582886521008, 0.298047475091 ]])}
{'elname':'pi', 'pos':Position([ -1.50008730534875652238, -.63671299519329253036, 5.55235089493651653925]), 'crg':'0.0', 'pol':Polarizability(noniso =[ [0.830861487126,-0.052443528804,0.37095985512], [-0.052443528804,0.00431419611114,-0.0234430012103], [0.37095985512, -0.0234430012103, 0.166824316763 ]])}
{'elname':'single', 'pos':Position([ .83747277849461390248, -.40372676676168209816, 6.21143635818020882229]), 'crg':'0.0', 'pol':Polarizability(noniso =[ [0.477571486557,-0.0655274561333,-0.494652085575], [-0.0655274561333,0.0100098707716,0.0680134958826], [-0.494652085575, 0.0680134958826, 0.514418642671 ]])}
{'elname':'pi', 'pos':Position([ .04781101680117737498, -.59006415998270522614, 3.70648811022092410632]), 'crg':'0.0', 'pol':Polarizability(noniso =[ [0.0699585629763,0.00550285461635,0.253187755621], [0.00550285461635,0.00143912470942,0.0202042407743], [0.253187755621, 0.0202042407743, 0.930602312314 ]])}
{'elname':'pi', 'pos':Position([ 1.59368544222993734423, -.73866750116974049524, 1.86409864219395695808]), 'crg':'0.0', 'pol':Polarizability(noniso =[ [0.827915539502,0.0835579650508,0.367855108662], [0.0835579650508,0.00944334540822,0.037170935658], [0.367855108662, 0.037170935658, 0.16464111509 ]])}
{'elname':'single', 'pos':Position([ -.73905961934867942156, -.48226851043468992994, 1.19629587215775736369]), 'crg':'0.0', 'pol':Polarizability(noniso =[ [0.475287153479,0.0564940094769,-0.495654102438], [0.0564940094769,0.00772919998646,-0.0590391018499], [-0.495654102438, -0.0590391018499, 0.518983646534 ]])}
{'elname':'pi', 'pos':Position([ 2.78170525865437891126, -.85871424543612234238, 0]), 'crg':'0.0', 'pol':Polarizability(noniso =[ [0.001,0.0,-2.2182256032e-16], [0.0,0.001,0.0], [-2.2182256032e-16, 0.0, 1.0 ]])}
{'elname':'single', 'pos':Position([ 3.63170692161340284502, -.96473449725347199387, 1.89862582892838164606]), 'crg':'0.0', 'pol':Polarizability(noniso =[ [0.687929004196,0.0856802864973,-0.455004952602], [0.0856802864973,0.0116868562099,-0.0567525238539], [-0.455004952602, -0.0567525238539, 0.302384139594 ]])}
{'elname':'single', 'pos':Position([ 3.63170692161340284502, -.96473449725347199387, -1.89862582892838164606]), 'crg':'0.0', 'pol':Polarizability(noniso =[ [0.687929004196,0.0856802864973,0.455004952602], [0.0856802864973,0.0116868562099,0.0567525238539], [0.455004952602, 0.0567525238539, 0.302384139594 ]])}
{'elname':'pi', 'pos':Position([ 1.59368544222993734423, -.73866750116974049524, -1.86409864219395695808]), 'crg':'0.0', 'pol':Polarizability(noniso =[ [0.827915539502,0.0835579650508,-0.367855108662], [0.0835579650508,0.00944334540822,-0.037170935658], [-0.367855108662, -0.037170935658, 0.16464111509 ]])}
{'elname':'single', 'pos':Position([ -.73905961934867942156, -.48226851043468992994, -1.19629587215775736369]), 'crg':'0.0', 'pol':Polarizability(noniso =[ [0.475287153479,0.0564940094769,0.495654102438], [0.0564940094769,0.00772919998646,0.0590391018499], [0.495654102438, 0.0590391018499, 0.518983646534 ]])}
{'elname':'pi', 'pos':Position([ .04781101680117737498, -.59006415998270522614, -3.70648811022092410632]), 'crg':'0.0', 'pol':Polarizability(noniso =[ [0.0699585629763,0.00550285461635,-0.253187755621], [0.00550285461635,0.00143912470942,-0.0202042407743], [-0.253187755621, -0.0202042407743, 0.930602312314 ]])}
{'elname':'pi', 'pos':Position([ -1.50008730534875652238, -.63671299519329253036, -5.55235089493651653925]), 'crg':'0.0', 'pol':Polarizability(noniso =[ [0.830861487126,-0.052443528804,-0.37095985512], [-0.052443528804,0.00431419611114,0.0234430012103], [-0.37095985512, 0.0234430012103, 0.166824316763 ]])}
{'elname':'single', 'pos':Position([ .83747277849461390248, -.40372676676168209816, -6.21143635818020882229]), 'crg':'0.0', 'pol':Polarizability(noniso =[ [0.477571486557,-0.0655274561333,0.494652085575], [-0.0655274561333,0.0100098707716,-0.0680134958826], [0.494652085575, -0.0680134958826, 0.514418642671 ]])}
{'elname':'pi', 'pos':Position([ -2.68965386263807284213, -.66209674188532688104, -7.41923121404323542283]), 'crg':'0.0', 'pol':Polarizability(noniso =[ [0.00100012746029,-1.33086214951e-05,0.000356588976686], [-1.33086214951e-05,0.00238960456003,-0.0372328319835], [0.000356588976686, -0.0372328319835, 0.99861026798 ]])}
{'elname':'single', 'pos':Position([ -3.54236066860023447721, -.82160191330994608233, -5.52535426696388279766]), 'crg':'0.0', 'pol':Polarizability(noniso =[ [0.69151473382,-0.0888704859309,0.452896962006], [-0.0888704859309,0.0124377910894,-0.0582886521008], [0.452896962006, -0.0582886521008, 0.298047475091 ]])}
{'elname':'single', 'pos':Position([ -3.54063345888673964033, -.68076251206590155433, -9.32075115859111087930]), 'crg':'0.0', 'pol':Polarizability(noniso =[ [0.690298245413,-0.0554441348604,-0.458696875886], [-0.0554441348604,0.00545968361428,0.036895569684], [-0.458696875886, 0.036895569684, 0.306242070973 ]])}
{'elname':'pi', 'pos':Position([ -1.49890339190728549907, -.49761119715664242525, -9.27797626201582381099]), 'crg':'0.0', 'pol':Polarizability(noniso =[ [0.831450004581,-0.0800006194227,0.365475369019], [-0.0800006194227,0.00870678436114,-0.0352077256234], [0.365475369019, -0.0352077256234, 0.161843211058 ]])}
{'elname':'single', 'pos':Position([ .83817953607978575040, -.31444665416423836854, -8.60214782496298026445]), 'crg':'0.0', 'pol':Polarizability(noniso =[ [0.477199484284,-0.0284441199999,-0.498144826335], [-0.0284441199999,0.00269901058122,0.0297549486828], [-0.498144826335, 0.0297549486828, 0.522101505135 ]])}
{'elname':'pi', 'pos':Position([ .05044623993626331595, -.31313612906980875214, -11.11466820565965427081]), 'crg':'0.0', 'pol':Polarizability(noniso =[ [0.0703474602658,-0.0134824542845,0.253549336396], [-0.0134824542845,0.00362124341449,-0.0492947733589], [0.253549336396, -0.0492947733589, 0.92803129632 ]])}
{'elname':'pi', 'pos':Position([ 1.59419566829409883872, -.34904187104055125579, -12.96468366361967220053]), 'crg':'0.0', 'pol':Polarizability(noniso =[ [0.824202532551,0.0734603164107,0.373256617266], [0.0734603164107,0.00755539539029,0.0333083878178], [0.373256617266, 0.0333083878178, 0.170242072059 ]])}
{'elname':'single', 'pos':Position([ -.72958831181691123502, .01860718866950427947, -13.60772724146089438471]), 'crg':'0.0', 'pol':Polarizability(noniso =[ [0.47082695171,0.108034053294,-0.486773462233], [0.108034053294,0.0258418202247,-0.111930807651], [-0.486773462233, -0.111930807651, 0.505331228065 ]])}
{'elname':'pi', 'pos':Position([ 2.77886405536746481140, -.34960784402653780245, -14.83482942953702464883]), 'crg':'0.0', 'pol':Polarizability(noniso =[ [0.00100000001247,2.77567821781e-07,-3.51870657766e-06], [2.77567821781e-07,0.0071779380368,-0.0783172597854], [-3.51870657766e-06, -0.0783172597854, 0.993822061951 ]])}
{'elname':'single', 'pos':Position([ 3.62545854205358809865, -.62814308704154298408, -12.95046819855428389582]), 'crg':'0.0', 'pol':Polarizability(noniso =[ [0.682392745073,0.139551392765,-0.443779999625], [0.139551392765,0.0295805673211,-0.0908875497674], [-0.443779999625, -0.0908875497674, 0.290026687606 ]])}
{'elname':'single', 'pos':Position([ 3.62474044611143488419, -.33040161216318465723, -16.74038393944410303391]), 'crg':'0.0', 'pol':Polarizability(noniso =[ [0.681288180929,0.0691198725455,0.460476195753], [0.0691198725455,0.00802284254619,0.0467861368945], [0.460476195753, 0.0467861368945, 0.312688976524 ]])}
{'elname':'pi', 'pos':Position([ 1.59549957934695599130, -.05488237210522297635, -16.68153125266923820602]), 'crg':'0.0', 'pol':Polarizability(noniso =[ [0.823819950708,0.13181593822,-0.357196049677], [0.13181593822,0.0221169424781,-0.0572228862174], [-0.357196049677, -0.0572228862174, 0.156063106814 ]])}
{'elname':'single', 'pos':Position([ -.72827967644864517972, .20761570982272100914, -15.99158372658534797039]), 'crg':'0.0', 'pol':Polarizability(noniso =[ [0.472656201763,0.030159833563,0.497810563708], [0.030159833563,0.00292855634496,0.0318322619128], [0.497810563708, 0.0318322619128, 0.526415241892 ]])}
{'elname':'pi', 'pos':Position([ .05225376301170949920, .27348306011672460566, -18.50664295438276630209]), 'crg':'0.0', 'pol':Polarizability(noniso =[ [0.0702452560903,0.0267046018034,-0.252325126743], [0.0267046018034,0.0112986947806,-0.097309800196], [-0.252325126743, -0.097309800196, 0.920456049129 ]])}
{'elname':'pi', 'pos':Position([ -1.48835683018845105193, .31186528822481391866, -20.36104163217916418167]), 'crg':'0.0', 'pol':Polarizability(noniso =[ [0.820708347327,-0.0697079257007,-0.376971709013], [-0.0697079257007,0.00692795586545,0.032057640951], [-0.376971709013, 0.032057640951, 0.174363696807 ]])}
{'elname':'single', 'pos':Position([ .82569317045405584367, .76534476542073241250, -20.97929483734371019764]), 'crg':'0.0', 'pol':Polarizability(noniso =[ [0.466313026887,-0.14496138263,0.476778458422], [-0.14496138263,0.0461605720013,-0.148533268031], [0.476778458422, -0.148533268031, 0.489526401112 ]])}
{'elname':'pi', 'pos':Position([ -2.66763288365409545233, .40574310457820178193, -22.23459646409558083757]), 'crg':'0.0', 'pol':Polarizability(noniso =[ [0.0010011591977,-0.00015548523687,0.00106482932948], [-0.00015548523687,0.0218555096843,-0.142827440343], [0.00106482932948, -0.142827440343, 0.979143331118 ]])}
{'elname':'single', 'pos':Position([ -3.51096475811883051650, -.01423814177935103779, -20.36450077592156275818]), 'crg':'0.0', 'pol':Polarizability(noniso =[ [0.674823525305,-0.180640706312,0.431833872859], [-0.180640706312,0.0494267223561,-0.115767367676], [0.431833872859, -0.115767367676, 0.277749752339 ]])}
{'elname':'single', 'pos':Position([ -3.50782875755040088650, .55015125368213142969, -24.14763428961036114178]), 'crg':'0.0', 'pol':Polarizability(noniso =[ [0.674871094176,-0.039935629195,-0.466369078131], [-0.039935629195,0.00336670558061,0.027638435204], [-0.466369078131, 0.027638435204, 0.323762200243 ]])}
{'elname':'pi', 'pos':Position([ -1.48822738394624711722, .84680424629027856831, -24.03625005007774333436]), 'crg':'0.0', 'pol':Polarizability(noniso =[ [0.830852094889,-0.173848813891,0.331879998359], [-0.173848813891,0.0374202371452,-0.0695267800422], [0.331879998359, -0.0695267800422, 0.133727667966 ]])}
{'elname':'single', 'pos':Position([ .82437414159189020237, 1.10599719715815420618, -23.32394611861584361533]), 'crg':'0.0', 'pol':Polarizability(noniso =[ [0.479469682037,-0.00523670367722,-0.499029611006], [-0.00523670367722,0.00105731411296,0.00546172578349], [-0.499029611006, 0.00546172578349, 0.521473003851 ]])}
{'elname':'single', 'pos':Position([ -.03698761019938122806, 1.27028715522891008909, -25.47613351444468884902]), 'crg':'0.0', 'pol':Polarizability(noniso =[ [0.0724330387381,-0.0461895616112,0.253230035885], [-0.0461895616112,0.0308667904869,-0.163741940017], [0.253230035885, -0.163741940017, 0.898700170775 ]])}
