{'elname':'single', 'pos':Position([ 14.13137225110983617585, 7.33213751461703187514, 24.40675826547326679985]), 'crg':'0.0', 'pol':Polarizability(noniso =[ [0.0287085304512,-0.0699051813998,0.148412684345], [-0.0699051813998,0.177362091636,-0.374426772269], [0.148412684345, -0.374426772269, 0.795929377913 ]])}
{'elname':'single', 'pos':Position([ 14.00759518739658473569, 4.83958870487995325572, 25.76830596631903264161]), 'crg':'0.0', 'pol':Polarizability(noniso =[ [0.00961380263727,0.0918477469779,0.00974590241245], [0.0918477469779,0.980359404919,0.103919165152], [0.00974590241245, 0.103919165152, 0.0120267924438 ]])}
{'elname':'single', 'pos':Position([ 15.09607745760777297283, 7.21308476631268316170, 27.05143003137701321976]), 'crg':'0.0', 'pol':Polarizability(noniso =[ [0.500218345586,-0.243025660323,-0.436392826586], [-0.243025660323,0.119307894927,0.212441421232], [-0.436392826586, 0.212441421232, 0.382473759487 ]])}
{'elname':'single', 'pos':Position([ 12.18778889188725440173, 7.02127756071123245672, 26.43443443897431710965]), 'crg':'0.0', 'pol':Polarizability(noniso =[ [0.87132531166,0.220190812716,0.252001675049], [0.220190812716,0.0567078983627,0.0637559920314], [0.252001675049, 0.0637559920314, 0.0739667899772 ]])}
{'elname':'pi', 'pos':Position([ 13.98113902110672946604, 10.80734392940587765307, 17.82011772238108520170]), 'crg':'0.0', 'pol':Polarizability(noniso =[ [0.492774879847,0.439774514909,-0.236725470863], [0.439774514909,0.394272677985,-0.211694076663], [-0.236725470863, -0.211694076663, 0.114952442168 ]])}
{'elname':'pi', 'pos':Position([ 14.80600449150114555199, 9.46658321635928380889, 19.52748531115853063963]), 'crg':'0.0', 'pol':Polarizability(noniso =[ [0.00797449144333,-0.0308621246367,0.0772424927349], [-0.0308621246367,0.137564901518,-0.341798030352], [0.0772424927349, -0.341798030352, 0.856460607039 ]])}
{'elname':'pi', 'pos':Position([ 15.93984018963779996567, 9.59225000623609633974, 17.49602968533035814845]), 'crg':'0.0', 'pol':Polarizability(noniso =[ [0.583953455621,0.214829143831,0.443152580615], [0.214829143831,0.080168517819,0.163309932486], [0.443152580615, 0.163309932486, 0.33787802656 ]])}
{'elname':'pi', 'pos':Position([ 12.02338271565743951175, 12.03566593572058660123, 18.12530849779620134805]), 'crg':'0.0', 'pol':Polarizability(noniso =[ [0.589724944902,0.224795808434,0.437042336299], [0.224795808434,0.086834914805,0.166878074657], [0.437042336299, 0.166878074657, 0.325440140293 ]])}
{'elname':'pi', 'pos':Position([ 13.10997525970506665819, 12.10653066685412750208, 16.08345937806844285808]), 'crg':'0.0', 'pol':Polarizability(noniso =[ [0.00340746482711,-0.0165131742367,0.0461148192235], [-0.0165131742367,0.114266420468,-0.316308689604], [0.0461148192235, -0.316308689604, 0.884326114704 ]])}
{'elname':'single', 'pos':Position([ 10.95852202249076490823, 12.13298683314398277174, 19.72779628449600625272]), 'crg':'0.0', 'pol':Polarizability(noniso =[ [0.00356082598102,-0.0164853172528,0.0477487344378], [-0.0164853172528,0.107124229815,-0.307382477943], [0.0477487344378, -0.307382477943, 0.891314944204 ]])}
{'elname':'double', 'pos':Position([ 10.06279182096280792142, 13.21863451410982937284, 18.44183763019268403853]), 'crg':'0.0', 'pol':Polarizability(noniso =[ [0.518567618495,0.436502810779,-0.242155130741], [0.436502810779,0.369134900657,-0.204227218698], [-0.242155130741, -0.204227218698, 0.114297480849 ]])}
{'elname':'pi', 'pos':Position([ 8.08235880155078487886, 14.40065822941729159910, 18.76876025648875272781]), 'crg':'0.0', 'pol':Polarizability(noniso =[ [0.594048499582,0.221584484844,0.437777619691], [0.221584484844,0.0837920211552,0.163569637903], [0.437777619691, 0.163569637903, 0.324159479263 ]])}
{'elname':'pi', 'pos':Position([ 9.17745511333443693341, 14.45357056199700213841, 16.71462791669784714836]), 'crg':'0.0', 'pol':Polarizability(noniso =[ [0.00267461020681,-0.0132549655352,0.0386579508758], [-0.0132549655352,0.105916422118,-0.305987509475], [0.0386579508758, -0.305987509475, 0.893408967675 ]])}
{'elname':'single', 'pos':Position([ 6.98915221593069391500, 14.50175857916780995099, 20.38636585249704635800]), 'crg':'0.0', 'pol':Polarizability(noniso =[ [0.00458383177003,-0.0191137694401,0.0565868174215], [-0.0191137694401,0.102940103681,-0.301796359581], [0.0565868174215, -0.301796359581, 0.894476064549 ]])}
{'elname':'double', 'pos':Position([ 6.13499599000108092336, 15.55717064151667910106, 19.07489589498564941951]), 'crg':'0.0', 'pol':Polarizability(noniso =[ [0.507189108181,0.428232825131,-0.257045041407], [0.428232825131,0.363282296391,-0.217458500171], [-0.257045041407, -0.217458500171, 0.131528595428 ]])}
{'elname':'single', 'pos':Position([ 4.54762601260976474420, 16.57951249600322916406, 19.14387089995562922967]), 'crg':'0.0', 'pol':Polarizability(noniso =[ [0.572260480973,0.213726104842,0.445726188909], [0.213726104842,0.0809615051496,0.166759867617], [0.445726188909, 0.166759867617, 0.348778013878 ]])}
{'elname':'pi', 'pos':Position([ 5.27989490098968738637, 16.75714675537797168887, 17.34485159224547089330]), 'crg':'0.0', 'pol':Polarizability(noniso =[ [0.00255428217623,-0.0126840527596,0.0372750171906], [-0.0126840527596,0.104510930556,-0.304190765288], [0.0372750171906, -0.304190765288, 0.894934787268 ]])}
{'elname':'single', 'pos':Position([ 4.68368629638616327384, 17.72374168803946957654, 15.76220593026305744087]), 'crg':'0.0', 'pol':Polarizability(noniso =[ [0.523406020061,0.430395643893,-0.252458222213], [0.430395643893,0.35559087983,-0.207993236932], [-0.252458222213, -0.207993236932, 0.123003100109 ]])}
{'elname':'double', 'pos':Position([ 6.29278812465843199593, 16.85068820047424567800, 15.31150624025373731143]), 'crg':'0.0', 'pol':Polarizability(noniso =[ [0.569198344703,0.20021162146,0.452433524473], [0.20021162146,0.0715470083492,0.159420474175], [0.452433524473, 0.159420474175, 0.361254646948 ]])}
{'elname':'single', 'pos':Position([ 7.27261114046485751842, 16.81572826644836550025, 13.70334927506324913469]), 'crg':'0.0', 'pol':Polarizability(noniso =[ [0.00148900415237,-0.00747477775768,0.0207943194318], [-0.00747477775768,0.115257317153,-0.3178560256], [0.0207943194318, -0.3178560256, 0.885253678695 ]])}
{'elname':'pi', 'pos':Position([ 8.24298552545347758746, 15.70362441919266362949, 14.98741820320301025818]), 'crg':'0.0', 'pol':Polarizability(noniso =[ [0.536693701189,0.437551343719,-0.238199680109], [0.437551343719,0.35838926548,-0.194560044058], [-0.238199680109, -0.194560044058, 0.106917033331 ]])}
{'elname':'double', 'pos':Position([ 10.23948121725576990089, 14.53577365011190958340, 14.67561338621543029442]), 'crg':'0.0', 'pol':Polarizability(noniso =[ [0.593546010152,0.211424867472,0.442879459231], [0.211424867472,0.0764379808821,0.158022717848], [0.442879459231, 0.158022717848, 0.332016008965 ]])}
{'elname':'single', 'pos':Position([ 11.28638951186861414285, 14.48286131753219904409, 13.07973964108808920716]), 'crg':'0.0', 'pol':Polarizability(noniso =[ [0.00304268949456,-0.0153914278194,0.0424214353172], [-0.0153914278194,0.116972618919,-0.31964058239], [0.0424214353172, -0.31964058239, 0.881984691587 ]])}
{'elname':'pi', 'pos':Position([ 12.21141046893176803535, 13.37170233335827771868, 14.36097397998250869462]), 'crg':'0.0', 'pol':Polarizability(noniso =[ [0.526726583154,0.438276955819,-0.238171632094], [0.438276955819,0.36637374399,-0.198554041628], [-0.238171632094, -0.198554041628, 0.108899672857 ]])}
{'elname':'pi', 'pos':Position([ 14.19751266683447434998, 12.19062348113259603776, 14.02176813362329291586]), 'crg':'0.0', 'pol':Polarizability(noniso =[ [0.583474676179,0.21465270474,0.443327947981], [0.21465270474,0.0801034967468,0.163374558608], [0.443327947981, 0.163374558608, 0.338421827074 ]])}
{'elname':'triple', 'pos':Position([ 14.55656063791108158098, 8.51321636684271355606, 21.82066801063991419131]), 'crg':'0.0', 'pol':Polarizability(noniso =[ [0.0152390172282,-0.0472656266325,0.108572506365], [-0.0472656266325,0.157895621738,-0.360400403073], [0.108572506365, -0.360400403073, 0.828865361033 ]])}
{'elname':'single', 'pos':Position([ 14.01420922896904855310, 2.68530087842030986973, 26.42593067123829220155]), 'crg':'0.0', 'pol':Polarizability(noniso =[ [0.0292280689108,-0.0695620269588,0.150213652418], [-0.0695620269588,0.172420709291,-0.370169357745], [0.150213652418, -0.370169357745, 0.800351221798 ]])}
{'elname':'single', 'pos':Position([ 13.19784752631065737525, 2.52750874376295879716, 24.65147780365442804414]), 'crg':'0.0', 'pol':Polarizability(noniso =[ [0.449768591399,-0.252649759305,-0.427895633659], [-0.252649759305,0.143237897438,0.240898607709], [-0.427895633659, 0.240898607709, 0.408993511163 ]])}
{'elname':'single', 'pos':Position([ 15.51465180283655456054, 2.71175704471016513938, 25.17587681404263071046]), 'crg':'0.0', 'pol':Polarizability(noniso =[ [0.858389919372,0.233065147097,0.259028362965], [0.233065147097,0.0643543287179,0.0704119352849], [0.259028362965, 0.0704119352849, 0.0792557519099 ]])}
{'elname':'single', 'pos':Position([ 12.30400705094626147913, 2.40278681696792681165, 22.90253623927863861103]), 'crg':'0.0', 'pol':Polarizability(noniso =[ [0.00869096666341,-0.0401540003706,0.0775356755485], [-0.0401540003706,0.210641234493,-0.404808352573], [0.0775356755485, -0.404808352573, 0.782667798844 ]])}
{'elname':'single', 'pos':Position([ 11.37048232614708267854, 2.11082412469773830013, 24.05621406213268447695]), 'crg':'0.0', 'pol':Polarizability(noniso =[ [0.848963940241,0.131613028419,0.332792943288], [0.131613028419,0.0214277427701,0.0516530067187], [0.332792943288, 0.0516530067187, 0.131608316989 ]])}
{'elname':'single', 'pos':Position([ 12.37581664516158292533, 1.07147473473913842092, 23.61496300294116980096]), 'crg':'0.0', 'pol':Polarizability(noniso =[ [0.0282927349515,0.161734725639,0.0190375249971], [0.161734725639,0.959428003785,0.112814962946], [0.0190375249971, 0.112814962946, 0.0142792612634 ]])}
{'elname':'single', 'pos':Position([ 16.90926971154463948937, 1.42768811657040401589, 24.67131992837181949637]), 'crg':'0.0', 'pol':Polarizability(noniso =[ [0.00426037735849,0.0566490566038,0.00611320754717], [0.0566490566038,0.985277358491,0.106216981132], [0.00611320754717, 0.106216981132, 0.0124622641509 ]])}
{'elname':'single', 'pos':Position([ 17.45918002514091688001, 2.62105018885923278629, 25.41681689989666977337]), 'crg':'0.0', 'pol':Polarizability(noniso =[ [0.425021851929,-0.192737205422,-0.454593960375], [-0.192737205422,0.0886078206465,0.206633618352], [-0.454593960375, 0.206633618352, 0.488370327424 ]])}
{'elname':'single', 'pos':Position([ 17.05855807846596565384, 2.75711047263563131593, 23.96739693244531321454]), 'crg':'0.0', 'pol':Polarizability(noniso =[ [0.0488232460707,-0.0969873308162,0.189952145608], [-0.0969873308162,0.19769393259,-0.385230052307], [0.189952145608, -0.385230052307, 0.755482821339 ]])}
{'elname':'single', 'pos':Position([ 17.17383137444319218590, 7.59953376676092620770, 27.74495953340393350280]), 'crg':'0.0', 'pol':Polarizability(noniso =[ [0.762123790992,0.206865067047,0.371833411654], [0.206865067047,0.0572236478098,0.101060227709], [0.371833411654, 0.101060227709, 0.182652561198 ]])}
{'elname':'single', 'pos':Position([ 16.36219398719370373477, 7.19229777851351116412, 29.44760280677247621401]), 'crg':'0.0', 'pol':Polarizability(noniso =[ [0.0010721571232,0.00370776602306,-0.00763755396366], [0.00370776602306,0.191522131031,-0.392452772902], [-0.00763755396366, -0.392452772902, 0.809405711846 ]])}
{'elname':'single', 'pos':Position([ 16.35180049329411773598, 9.26154792761290546909, 28.28069690077350271326]), 'crg':'0.0', 'pol':Polarizability(noniso =[ [0.00100171034627,-0.00130157351001,-0.000120579411899], [-0.00130157351001,0.991497441115,0.0917609324554], [-0.000120579411899, 0.0917609324554, 0.00950084853891 ]])}
{'elname':'single', 'pos':Position([ 17.13698171425375091746, 6.81813199812841520760, 31.20599300196607110056]), 'crg':'0.0', 'pol':Polarizability(noniso =[ [0.67838282257,-0.228312425947,-0.407101200677], [-0.228312425947,0.0779528870601,0.137213787589], [-0.407101200677, 0.137213787589, 0.24566429037 ]])}
{'elname':'single', 'pos':Position([ 16.37164261801150918822, 5.64177746131163625341, 30.64663405755198825648]), 'crg':'0.0', 'pol':Polarizability(noniso =[ [0.00100938334584,-0.00304333183397,-0.000334672668279], [-0.00304333183397,0.988053958152,0.108545502078], [-0.000334672668279, 0.108545502078, 0.0129366585019 ]])}
{'elname':'single', 'pos':Position([ 15.62614564648665891123, 6.82191145045553738898, 31.22489026360168200746]), 'crg':'0.0', 'pol':Polarizability(noniso =[ [0.654791986145,0.227836601232,0.41687494066], [0.227836601232,0.0803976034597,0.145274600533], [0.41687494066, 0.145274600533, 0.266810410396 ]])}
{'elname':'single', 'pos':Position([ 15.57795762931585109864, 10.97080524255391199771, 28.84100070826936610269]), 'crg':'0.0', 'pol':Polarizability(noniso =[ [0.701902619302,0.245017115395,0.385880613793], [0.245017115395,0.0866515372941,0.134893710303], [0.385880613793, 0.134893710303, 0.213445843404 ]])}
{'elname':'single', 'pos':Position([ 16.39620905813780336718, 11.08702340161291907512, 27.57582904176521588609]), 'crg':'0.0', 'pol':Polarizability(noniso =[ [0.00311410563762,-0.0192618513649,0.0416713711237], [-0.0192618513649,0.176496867992,-0.37967249246], [0.0416713711237, -0.37967249246, 0.822389026371 ]])}
{'elname':'single', 'pos':Position([ 17.08879369708294310487, 10.96230147481788708961, 28.91186543940290700354]), 'crg':'0.0', 'pol':Polarizability(noniso =[ [0.630678855604,-0.225000927838,-0.426530535865], [-0.225000927838,0.0813987891246,0.152410654204], [-0.426530535865, 0.152410654204, 0.289922355271 ]])}
{'elname':'single', 'pos':Position([ 10.01271407762843901815, 7.01560838222054918465, 26.24735154878176913139]), 'crg':'0.0', 'pol':Polarizability(noniso =[ [0.303623456562,-0.246602417416,-0.387204241155], [-0.246602417416,0.201951879165,0.31552577909], [-0.387204241155, 0.31552577909, 0.496424664273 ]])}
{'elname':'single', 'pos':Position([ 10.12893223668744609555, 6.77183370712116848571, 28.08794483209027146293]), 'crg':'0.0', 'pol':Polarizability(noniso =[ [0.0831337886128,-0.135674272311,0.238533409453], [-0.135674272311,0.225116146084,-0.394025982437], [0.238533409453, -0.394025982437, 0.693750065303 ]])}
{'elname':'single', 'pos':Position([ 10.15066408756839863848, 8.75982563118743589103, 26.80009645162338815806]), 'crg':'0.0', 'pol':Polarizability(noniso =[ [0.0779288072397,0.265356898059,-0.0227937206636], [0.265356898059,0.916317497749,-0.0786242660915], [-0.0227937206636, -0.0786242660915, 0.00775369501144 ]])}
{'elname':'single', 'pos':Position([ 10.04767401165431919591, 5.23548633614600175517, 29.25296101192568387299]), 'crg':'0.0', 'pol':Polarizability(noniso =[ [0.122509981542,0.32651366385,0.00355292343689], [0.32651366385,0.878386131808,0.00954718315352], [0.00355292343689, 0.00954718315352, 0.0011038866502 ]])}
{'elname':'single', 'pos':Position([ 8.79950988062221879551, 6.08775283591205365612, 29.30587334450539441230]), 'crg':'0.0', 'pol':Polarizability(noniso =[ [0.99749950044,-0.0173038728371,0.0468222441473], [-0.0173038728371,0.00130047583067,-0.000813052247707], [0.0468222441473, -0.000813052247707, 0.00320002372909 ]])}
{'elname':'single', 'pos':Position([ 10.05995723171746628539, 6.54884601982095978435, 30.00223743577765633137]), 'crg':'0.0', 'pol':Polarizability(noniso =[ [0.132014433558,-0.173824783679,-0.288969863313], [-0.173824783679,0.231623867923,0.383393818649], [-0.288969863313, 0.383393818649, 0.638361698519 ]])}
{'elname':'single', 'pos':Position([ 10.11853874278786009676, 10.43695760134790387794, 25.90625597625899226194]), 'crg':'0.0', 'pol':Polarizability(noniso =[ [0.143815970278,-0.145510611227,0.317967631941], [-0.145510611227,0.149256094458,-0.323967021222], [0.317967631941, -0.323967021222, 0.708927935264 ]])}
{'elname':'single', 'pos':Position([ 10.08546853492554100970, 10.55695521273403313672, 27.41425745478074263214]), 'crg':'0.0', 'pol':Polarizability(noniso =[ [0.118382013924,-0.176422372117,-0.269000448575], [-0.176422372117,0.266158624759,0.404301269435], [-0.269000448575, 0.404301269435, 0.617459361317 ]])}
{'elname':'single', 'pos':Position([ 8.84391844546590442672, 10.13271168901456827693, 26.66403616784698962842]), 'crg':'0.0', 'pol':Polarizability(noniso =[ [0.996137988494,0.0569813163146,-0.0244205641348], [0.0569813163146,0.0042627338585,-0.00139831451079], [-0.0244205641348, -0.00139831451079, 0.00159927764748 ]])}
{'elname':'single', 'pos':Position([ 16.00787033152599923050, 14.45168083583344104772, 7.11198441656216480982]), 'crg':'0.0', 'pol':Polarizability(noniso =[ [0.028695855438,-0.0699637132471,0.148344794323], [-0.0699637132471,0.177738399804,-0.374740281085], [0.148344794323, -0.374740281085, 0.795565744758 ]])}
{'elname':'single', 'pos':Position([ 16.13164739523925067066, 16.94422964557051966713, 5.74949185263461842271]), 'crg':'0.0', 'pol':Polarizability(noniso =[ [0.00962382066597,0.0919052888116,0.00970795812112], [0.0919052888116,0.980447792192,0.103459096548], [0.00970795812112, 0.103459096548, 0.0119283871421 ]])}
{'elname':'single', 'pos':Position([ 15.04316512502806243352, 14.57167844721957030650, 4.46636778757663784456]), 'crg':'0.0', 'pol':Polarizability(noniso =[ [0.499889749093,-0.242865695489,-0.43648153632], [-0.242865695489,0.119230022069,0.212484606227], [-0.43648153632, 0.212484606227, 0.382880228838 ]])}
{'elname':'single', 'pos':Position([ 17.95050882766680045927, 14.76348565282102101148, 5.08336337997933395467]), 'crg':'0.0', 'pol':Polarizability(noniso =[ [0.870946027838,0.220220623047,0.252532904081], [0.220220623047,0.0567472777199,0.0639269008617], [0.252532904081, 0.0639269008617, 0.0743066944418 ]])}
{'elname':'pi', 'pos':Position([ 16.15621383536554484962, 10.97552955796281472443, 13.69673523349078531727]), 'crg':'0.0', 'pol':Polarizability(noniso =[ [0.492774879847,0.439774514909,-0.236725470863], [0.439774514909,0.394272677985,-0.211694076663], [-0.236725470863, -0.211694076663, 0.114952442168 ]])}
{'elname':'pi', 'pos':Position([ 15.33229322805290930901, 12.31629027100940856861, 11.98936764471333987934]), 'crg':'0.0', 'pol':Polarizability(noniso =[ [0.00809038884685,-0.0311156733692,0.0778770808055], [-0.0311156733692,0.137548946769,-0.341758098411], [0.0778770808055, -0.341758098411, 0.856360664384 ]])}
{'elname':'pi', 'pos':Position([ 18.11397014081483480391, 9.74720755164810577628, 13.39248932115744971627]), 'crg':'0.0', 'pol':Polarizability(noniso =[ [0.59020243011,0.224978129013,0.436850735948], [0.224978129013,0.0869045311894,0.166804914931], [0.436850735948, 0.166804914931, 0.324893038701 ]])}
{'elname':'pi', 'pos':Position([ 17.02737759676720765746, 9.67634282051456487542, 15.43433844088520820624]), 'crg':'0.0', 'pol':Polarizability(noniso =[ [0.00340433729556,-0.0164917220132,0.0460887754824], [-0.0164917220132,0.114119276344,-0.316130051549], [0.0460887754824, -0.316130051549, 0.88447638636 ]])}
{'elname':'single', 'pos':Position([ 19.17977569706328995277, 9.65083151730649015112, 11.79000153445764481160]), 'crg':'0.0', 'pol':Polarizability(noniso =[ [0.00366121575428,-0.0168362629352,0.0486622309354], [-0.0168362629352,0.107515132856,-0.307863093673], [0.0486622309354, -0.307863093673, 0.89082365139 ]])}
{'elname':'double', 'pos':Position([ 20.07456103550946639423, 8.56423897325886300467, 13.07690505184274757113]), 'crg':'0.0', 'pol':Polarizability(noniso =[ [0.518567618495,0.436502810779,-0.242155130741], [0.436502810779,0.369134900657,-0.204227218698], [-0.242155130741, -0.204227218698, 0.114297480849 ]])}
{'elname':'pi', 'pos':Position([ 22.05499405492148943680, 7.38316012103318132375, 12.74903756246489833651]), 'crg':'0.0', 'pol':Polarizability(noniso =[ [0.593814661985,0.220958192195,0.438143927449], [0.220958192195,0.0833571443634,0.16330819114], [0.438143927449, 0.16330819114, 0.324828193651 ]])}
{'elname':'pi', 'pos':Position([ 20.95989774313783738225, 7.32930292537169023910, 14.80316990225580391596]), 'crg':'0.0', 'pol':Polarizability(noniso =[ [0.00267680895476,-0.0132723691843,0.0386802879226], [-0.0132723691843,0.106054176425,-0.306164312879], [0.0386802879226, -0.306164312879, 0.89326901462 ]])}
{'elname':'single', 'pos':Position([ 23.14820064054158040066, 7.28205977128266297186, 11.13048710337482416097]), 'crg':'0.0', 'pol':Polarizability(noniso =[ [0.00458623535729,-0.0190636721624,0.0566247687993], [-0.0190636721624,0.102338467811,-0.301005349933], [0.0566247687993, -0.301005349933, 0.895075296832 ]])}
{'elname':'double', 'pos':Position([ 24.00330172955297393764, 6.22759257201557436714, 12.44195706088622109947]), 'crg':'0.0', 'pol':Polarizability(noniso =[ [0.507708508421,0.428226629258,-0.257041322359], [0.428226629258,0.362900467346,-0.217229308813], [-0.257041322359, -0.217229308813, 0.131391024232 ]])}
{'elname':'single', 'pos':Position([ 25.59067170694429011680, 5.20430585444724375879, 12.37298205591624128930]), 'crg':'0.0', 'pol':Polarizability(noniso =[ [0.571238971594,0.21443526787,0.445548834351], [0.21443526787,0.0816372177225,0.167546219046], [0.445548834351, 0.167546219046, 0.349123810684 ]])}
{'elname':'pi', 'pos':Position([ 24.85840281856436747463, 5.02667159507250123398, 14.17200136362639962568]), 'crg':'0.0', 'pol':Polarizability(noniso =[ [0.00260946703017,-0.0129322087687,0.0379213021319], [-0.0129322087687,0.104911431861,-0.30470098906], [0.0379213021319, -0.30470098906, 0.894479101109 ]])}
{'elname':'single', 'pos':Position([ 25.45461142316789158716, 4.06007666241100334632, 15.75464702560881307811]), 'crg':'0.0', 'pol':Polarizability(noniso =[ [0.524786356341,0.430144318797,-0.25275736963], [0.430144318797,0.354243517617,-0.20756964221], [-0.25275736963, -0.20756964221, 0.122970126042 ]])}
{'elname':'double', 'pos':Position([ 23.84550959489562286507, 4.93218528689444669951, 16.20534671561813320755]), 'crg':'0.0', 'pol':Polarizability(noniso =[ [0.56871570769,0.200238643698,0.452494588691], [0.200238643698,0.0716260437869,0.159599076602], [0.452494588691, 0.159599076602, 0.361658248523 ]])}
{'elname':'single', 'pos':Position([ 22.86663144217097788793, 4.96714522092032687727, 17.81444854389040192963]), 'crg':'0.0', 'pol':Polarizability(noniso =[ [0.00148803613088,-0.00745998085781,0.0207763952862], [-0.00745998085781,0.115031135969,-0.317582042232], [0.0207763952862, -0.317582042232, 0.8854808279 ]])}
{'elname':'pi', 'pos':Position([ 21.89531219410057727354, 6.07924906817602874802, 16.52943475266886026079]), 'crg':'0.0', 'pol':Polarizability(noniso =[ [0.537167561905,0.437520908475,-0.238183111389], [0.437520908475,0.358023734656,-0.194361051811], [-0.238183111389, -0.194361051811, 0.106808703439 ]])}
{'elname':'double', 'pos':Position([ 19.89787163921650441477, 7.24804470033856333945, 16.84123956965644022455]), 'crg':'0.0', 'pol':Polarizability(noniso =[ [0.593310292932,0.211896921697,0.442703279976], [0.211896921697,0.0768053776211,0.158375539597], [0.442703279976, 0.158375539597, 0.331884329447 ]])}
{'elname':'single', 'pos':Position([ 18.85096334460366017280, 7.30095703291827387876, 18.43711331478378131181]), 'crg':'0.0', 'pol':Polarizability(noniso =[ [0.00304122450197,-0.0154278596079,0.0423910111689], [-0.0154278596079,0.117605915641,-0.320397177439], [0.0423910111689, -0.320397177439, 0.881352859857 ]])}
{'elname':'pi', 'pos':Position([ 17.92594238754050628031, 8.41211601709219520417, 17.15682383897114236969]), 'crg':'0.0', 'pol':Polarizability(noniso =[ [0.527423616223,0.438342952452,-0.237972319662], [0.438342952452,0.365999855711,-0.1981550333], [-0.237972319662, -0.1981550333, 0.108576528067 ]])}
{'elname':'triple', 'pos':Position([ 15.58268194472475382537, 13.26965712052597882145, 9.69712980831373687301]), 'crg':'0.0', 'pol':Polarizability(noniso =[ [0.0152605331437,-0.0473370475187,0.108637533741], [-0.0473370475187,0.158132699402,-0.360616257833], [0.108637533741, -0.360616257833, 0.828606767454 ]])}
{'elname':'single', 'pos':Position([ 16.12408849058500630790, 19.09851747203016305312, 5.09186714771535886277]), 'crg':'0.0', 'pol':Polarizability(noniso =[ [0.028929174398,-0.0694048345819,0.149345824775], [-0.0694048345819,0.173473091925,-0.371128845998], [0.149345824775, -0.371128845998, 0.799597733677 ]])}
{'elname':'single', 'pos':Position([ 16.93950533016161694040, 19.25536474360573358035, 6.86537515221744247484]), 'crg':'0.0', 'pol':Polarizability(noniso =[ [0.448809814186,-0.252599516545,-0.427810540931], [-0.252599516545,0.143485746712,0.241318373088], [-0.427810540931, 0.241318373088, 0.409704439103 ]])}
{'elname':'single', 'pos':Position([ 14.62459077979928084580, 19.07111644265852723813, 6.34097614182923980851]), 'crg':'0.0', 'pol':Polarizability(noniso =[ [0.858389919372,0.233065147097,0.259028362965], [0.233065147097,0.0643543287179,0.0704119352849], [0.259028362965, 0.0704119352849, 0.0792557519099 ]])}
{'elname':'single', 'pos':Position([ 17.83240094244423229118, 19.38008667040076556585, 8.61526157967501245329]), 'crg':'0.0', 'pol':Polarizability(noniso =[ [0.00850093530787,-0.0396225876851,0.076597786438], [-0.0396225876851,0.210300492595,-0.404616542479], [0.076597786438, -0.404616542479, 0.783198572097 ]])}
{'elname':'single', 'pos':Position([ 18.76687053032519163712, 19.67204936267095407738, 7.46063889373918604202]), 'crg':'0.0', 'pol':Polarizability(noniso =[ [0.849530954173,0.131409661044,0.332278714355], [0.131409661044,0.0213510537016,0.0514590929311], [0.332278714355, 0.0514590929311, 0.131117992126 ]])}
{'elname':'single', 'pos':Position([ 17.76153621131069139032, 20.71234361571133450193, 7.90188995293070071801]), 'crg':'0.0', 'pol':Polarizability(noniso =[ [0.0275876555531,0.159692106166,0.0187775317344], [0.159692106166,0.960150712659,0.11278254998], [0.0187775317344, 0.11278254998, 0.0142616317874 ]])}
{'elname':'single', 'pos':Position([ 13.22997287109119591697, 20.35518537079828836162, 6.84553302750005102260]), 'crg':'0.0', 'pol':Polarizability(noniso =[ [0.00426037735849,0.0566490566038,0.00611320754717], [0.0566490566038,0.985277358491,0.106216981132], [0.00611320754717, 0.106216981132, 0.0124622641509 ]])}
{'elname':'single', 'pos':Position([ 12.68006255749491852634, 19.16182329850945959122, 6.10003605597520074560]), 'crg':'0.0', 'pol':Polarizability(noniso =[ [0.425021851929,-0.192737205422,-0.454593960375], [-0.192737205422,0.0886078206465,0.206633618352], [-0.454593960375, 0.206633618352, 0.488370327424 ]])}
{'elname':'single', 'pos':Position([ 13.07973964108808920716, 19.02576301473306106158, 7.55040088650833784977]), 'crg':'0.0', 'pol':Polarizability(noniso =[ [0.0491639986983,-0.0972240717911,0.190639827406], [-0.0972240717911,0.197256963522,-0.384826442299], [0.190639827406, -0.384826442299, 0.755579037779 ]])}
{'elname':'single', 'pos':Position([ 12.96352148202908212976, 14.18428458368954671516, 3.77283828554971756152]), 'crg':'0.0', 'pol':Polarizability(noniso =[ [0.762664200355,0.205666763483,0.37211740681], [0.205666763483,0.0565347324736,0.100480215111], [0.37211740681, 0.100480215111, 0.182801067171 ]])}
{'elname':'single', 'pos':Position([ 13.77515886927857058089, 14.59246543501874230408, 2.06925014909939430496]), 'crg':'0.0', 'pol':Polarizability(noniso =[ [0.00109606487665,0.00427808917334,-0.00881235135106], [0.00427808917334,0.191517571186,-0.392443380167], [-0.00881235135106, -0.392443380167, 0.809386363937 ]])}
{'elname':'single', 'pos':Position([ 13.78744208934171767037, 12.52321528591934799911, 3.23615605509836780571]), 'crg':'0.0', 'pol':Polarizability(noniso =[ [0.00100171034627,-0.00130157351001,-0.000120579411899], [-0.00130157351001,0.991497441115,0.0917609324554], [-0.000120579411899, 0.0917609324554, 0.00950084853891 ]])}
{'elname':'single', 'pos':Position([ 12.99848141605496230752, 14.96568635232205771525, .31085995390579941842]), 'crg':'0.0', 'pol':Polarizability(noniso =[ [0.677998668058,-0.22902185425,-0.406870327148], [-0.22902185425,0.0784757945605,0.137640147846], [-0.406870327148, 0.137640147846, 0.245525537381 ]])}
{'elname':'single', 'pos':Position([ 13.76476537537898458210, 16.14298575222061721479, .87021889831988226249]), 'crg':'0.0', 'pol':Polarizability(noniso =[ [0.00101668138185,-0.00405774613492,-0.000446226964477], [-0.00405774613492,0.988046747318,0.108544709109], [-0.000446226964477, 0.108544709109, 0.0129365712998 ]])}
{'elname':'single', 'pos':Position([ 14.51026234690383485909, 14.96190689999493553388, .29196269227018851152]), 'crg':'0.0', 'pol':Polarizability(noniso =[ [0.654985206167,0.228441238472,0.416472293965], [0.228441238472,0.0807959937664,0.145476450729], [0.416472293965, 0.145476450729, 0.266218800066 ]])}
{'elname':'single', 'pos':Position([ 14.56128495331998430771, 10.81301310789656092514, 2.67679711068428496163]), 'crg':'0.0', 'pol':Polarizability(noniso =[ [0.702141998113,0.245954805672,0.385158393604], [0.245954805672,0.0872789086888,0.13511037437], [0.385158393604, 0.13511037437, 0.212579093198 ]])}
{'elname':'single', 'pos':Position([ 13.74303352449803203917, 10.69679494883755384774, 3.94102391410665463289]), 'crg':'0.0', 'pol':Polarizability(noniso =[ [0.00311229332317,-0.0192922790183,0.0416356483923], [-0.0192922790183,0.177202815034,-0.380272255316], [0.0416356483923, -0.380272255316, 0.821684891643 ]])}
{'elname':'single', 'pos':Position([ 13.05044888555289230147, 10.82246173871436637859, 2.60498751646896351543]), 'crg':'0.0', 'pol':Polarizability(noniso =[ [0.630678855604,-0.225000927838,-0.426530535865], [-0.225000927838,0.0813987891246,0.152410654204], [-0.426530535865, 0.152410654204, 0.289922355271 ]])}
{'elname':'single', 'pos':Position([ 20.12463877884383529751, 14.76820996822992373820, 5.26950140709010138758]), 'crg':'0.0', 'pol':Polarizability(noniso =[ [0.303894549249,-0.246273608101,-0.387551102034], [-0.246273608101,0.201236980816,0.315105070257], [-0.387551102034, 0.315105070257, 0.496868469935 ]])}
{'elname':'single', 'pos':Position([ 20.00936548286660876545, 15.01292950641108498249, 3.42890812378159905603]), 'crg':'0.0', 'pol':Polarizability(noniso =[ [0.083486312546,-0.135938981282,0.238998803018], [-0.135938981282,0.225029976146,-0.393874484228], [0.238998803018, -0.393874484228, 0.693483711308 ]])}
{'elname':'single', 'pos':Position([ 19.98668876890387567718, 13.02493758234481757716, 4.71675650424848236091]), 'crg':'0.0', 'pol':Polarizability(noniso =[ [0.0779288072397,0.265356898059,-0.0227937206636], [0.265356898059,0.916317497749,-0.0786242660915], [-0.0227937206636, -0.0786242660915, 0.00775369501144 ]])}
{'elname':'single', 'pos':Position([ 20.08967884481795511975, 16.54833201430447116768, 2.26389194394618664598]), 'crg':'0.0', 'pol':Polarizability(noniso =[ [0.123994781306,0.328224445462,0.00357542968913], [0.328224445462,0.876901281785,0.00954140829831], [0.00357542968913, 0.00954140829831, 0.00110393690957 ]])}
{'elname':'single', 'pos':Position([ 21.33973270201361661083, 15.69606551453841926673, 2.21097961136647610667]), 'crg':'0.0', 'pol':Polarizability(noniso =[ [0.997533726126,-0.0162865573218,0.0468238523001], [-0.0162865573218,0.0012661745834,-0.000765251927274], [0.0468238523001, -0.000765251927274, 0.00320009929091 ]])}
{'elname':'single', 'pos':Position([ 20.07928535091836912096, 15.23591719371129368385, 1.51461552009421418760]), 'crg':'0.0', 'pol':Polarizability(noniso =[ [0.132014433558,-0.173824783679,-0.288969863313], [-0.173824783679,0.231623867923,0.383393818649], [-0.288969863313, 0.383393818649, 0.638361698519 ]])}
{'elname':'single', 'pos':Position([ 20.01975897676619476424, 11.34686074910256904492, 5.61059697961287825703]), 'crg':'0.0', 'pol':Polarizability(noniso =[ [0.143044749937,-0.145499892503,0.317105306616], [-0.145499892503,0.150039079077,-0.324818678939], [0.317105306616, -0.324818678939, 0.708916170986 ]])}
{'elname':'single', 'pos':Position([ 20.05093945846495276062, 11.22686313771643978613, 4.10354036417290843218]), 'crg':'0.0', 'pol':Polarizability(noniso =[ [0.119063938787,-0.177271077229,-0.269409996816], [-0.177271077229,0.267169629311,0.40451471332], [-0.269409996816, 0.40451471332, 0.615766431903 ]])}
{'elname':'single', 'pos':Position([ 21.29343441100636988895, 11.65110666143590464592, 4.85376165110666143590]), 'crg':'0.0', 'pol':Polarizability(noniso =[ [0.995970121559,0.0579890561645,-0.0254337965634], [0.0579890561645,0.00437973026725,-0.00148233783652], [-0.0254337965634, -0.00148233783652, 0.00165014817391 ]])}
