{'elname':'single', 'pos':Position([ -8.76077049426921643638, -3.57063758604868085775, 8.54250712237791046175]), 'crg':'0.0', 'pol':Polarizability(noniso =[ [0.0552129225256,-0.0989259170386,0.203551790885], [-0.0989259170386,0.181516685063,-0.371434459535], [0.203551790885, -0.371434459535, 0.765270392411 ]])}
{'elname':'single', 'pos':Position([ -8.88643728414602896723, -6.06035180654041784113, 9.90877913863257903023]), 'crg':'0.0', 'pol':Polarizability(noniso =[ [0.0254877631566,0.153899365737,0.0133645080279], [0.153899365737,0.968218386699,0.0839925351988], [0.0133645080279, 0.0839925351988, 0.00829385014402 ]])}
{'elname':'single', 'pos':Position([ -8.06346153991517397196, -3.62732937095551357843, 11.27221656564190596269]), 'crg':'0.0', 'pol':Polarizability(noniso =[ [0.386531337206,-0.238394591874,-0.423886084303], [-0.238394591874,0.14841209326,0.26211137803], [-0.423886084303, 0.26211137803, 0.467056569534 ]])}
{'elname':'single', 'pos':Position([ -10.87915352362119909928, -3.97976330045965699202, 10.36798259637792406777]), 'crg':'0.0', 'pol':Polarizability(noniso =[ [0.935603826487,0.17929555216,0.16744555877], [0.17929555216,0.0353962801277,0.0321229627629], [0.16744555877, 0.0321229627629, 0.0309998933849 ]])}
{'elname':'pi', 'pos':Position([ -8.43195814180958665641, -.13511542069461798430, 1.94263849614080122877]), 'crg':'0.0', 'pol':Polarizability(noniso =[ [0.485687844624,0.408494522193,-0.287076776126], [0.408494522193,0.345278851869,-0.241948073997], [-0.287076776126, -0.241948073997, 0.171033303507 ]])}
{'elname':'pi', 'pos':Position([ -7.71291733657459164906, -1.42201893807972074382, 3.73693348844205683842]), 'crg':'0.0', 'pol':Polarizability(noniso =[ [0.025529103298,-0.0578886837833,0.143358981497], [-0.0578886837833,0.137617293729,-0.338327196334], [0.143358981497, -0.338327196334, 0.838853602973 ]])}
{'elname':'pi', 'pos':Position([ -6.38727443283648653040, -1.24249495254141712832, 1.82831006324535524206]), 'crg':'0.0', 'pol':Polarizability(noniso =[ [0.693805219416,0.200548879305,0.414624515865], [0.200548879305,0.0590536229566,0.120022886171], [0.414624515865, 0.120022886171, 0.249141157627 ]])}
{'elname':'pi', 'pos':Position([ -10.47380726153734514638, .98549219429710879455, 2.03712480431885576324]), 'crg':'0.0', 'pol':Polarizability(noniso =[ [0.699526302275,0.211044116858,0.406631481495], [0.211044116858,0.0647622650931,0.122854617813], [0.406631481495, 0.122854617813, 0.237711432632 ]])}
{'elname':'pi', 'pos':Position([ -9.19257292264292565892, 1.10737953184679914402, .11432843289544598671]), 'crg':'0.0', 'pol':Polarizability(noniso =[ [0.0166428436234,-0.0418294823962,0.116759567598], [-0.0418294823962,0.11285342254,-0.312218954239], [0.116759567598, -0.312218954239, 0.872503733837 ]])}
{'elname':'single', 'pos':Position([ -11.69929467860671245850, 1.02990075914079442575, 3.52339443195965359051]), 'crg':'0.0', 'pol':Polarizability(noniso =[ [0.0175199734687,-0.0417061625275,0.120379150932], [-0.0417061625275,0.106290967692,-0.303908020385], [0.120379150932, -0.303908020385, 0.878189058839 ]])}
{'elname':'double', 'pos':Position([ -12.51754610742866472705, 2.05980151828158885151, 2.14294946947827684185]), 'crg':'0.0', 'pol':Polarizability(noniso =[ [0.510265392835,0.403082527527,-0.294837859009], [0.403082527527,0.320039004581,-0.233363568568], [-0.294837859009, -0.233363568568, 0.171695602584 ]])}
{'elname':'pi', 'pos':Position([ -14.58207194111915630529, 3.13222111610250781779, 2.25822276545550337391]), 'crg':'0.0', 'pol':Polarizability(noniso =[ [0.70298052185,0.207016812208,0.406996225701], [0.207016812208,0.0620500707681,0.120024785023], [0.406996225701, 0.120024785023, 0.236969407382 ]])}
{'elname':'pi', 'pos':Position([ -13.28949924524337027370, 3.23710091818014835105, .32408803705072705324]), 'crg':'0.0', 'pol':Polarizability(noniso =[ [0.0150769656689,-0.0381971466104,0.111380903801], [-0.0381971466104,0.104646058639,-0.302226545988], [0.111380903801, -0.302226545988, 0.882276975692 ]])}
{'elname':'single', 'pos':Position([ -15.83685011372372052310, 3.18040913327331563037, 3.75677561315944829066]), 'crg':'0.0', 'pol':Polarizability(noniso =[ [0.0199638153201,-0.0437181086005,0.129127658515], [-0.0437181086005,0.101785257995,-0.297683609707], [0.129127658515, -0.297683609707, 0.880250926685 ]])}
{'elname':'double', 'pos':Position([ -16.61069297770198716044, 4.18101913687891315044, 2.35648852596068008976]), 'crg':'0.0', 'pol':Polarizability(noniso =[ [0.495392012937,0.393952372414,-0.307043460666], [0.393952372414,0.314917837808,-0.244665157604], [-0.307043460666, -0.244665157604, 0.191690149256 ]])}
{'elname':'single', 'pos':Position([ -18.25003042459123333355, 5.11548872475987249639, 2.25538817621016173787]), 'crg':'0.0', 'pol':Polarizability(noniso =[ [0.68248220821,0.201406206758,0.419306887344], [0.201406206758,0.0605238725704,0.12392254505], [0.419306887344, 0.12392254505, 0.25899391922 ]])}
{'elname':'pi', 'pos':Position([ -17.35052077073615416537, 5.32619319199693410826, .53762709353313030115]), 'crg':'0.0', 'pol':Polarizability(noniso =[ [0.0148121919213,-0.0376320199054,0.110414827635], [-0.0376320199054,0.103530353635,-0.300830817807], [0.110414827635, -0.300830817807, 0.883657454444 ]])}
{'elname':'single', 'pos':Position([ -17.83523553168957392722, 6.25215901214186854610, -1.10643466876501859868]), 'crg':'0.0', 'pol':Polarizability(noniso =[ [0.513097555568,0.395369436284,-0.304999279419], [0.395369436284,0.306248461837,-0.235477384846], [-0.304999279419, -0.235477384846, 0.182653982595 ]])}
{'elname':'double', 'pos':Position([ -16.14393061530239776014, 5.46792265426401590997, -1.38422441480849893003]), 'crg':'0.0', 'pol':Polarizability(noniso =[ [0.679640489247,0.186473287586,0.427360091877], [0.186473287586,0.0522381555979,0.117427772993], [0.427360091877, 0.117427772993, 0.270121355155 ]])}
{'elname':'single', 'pos':Position([ -15.00631546483862116507, 5.48020587432716299945, -2.88561185175778548281]), 'crg':'0.0', 'pol':Polarizability(noniso =[ [0.010785561936,-0.0331043478261,0.092650533224], [-0.0331043478261,0.112991304348,-0.313434782609], [0.092650533224, -0.313434782609, 0.878223133716 ]])}
{'elname':'pi', 'pos':Position([ -14.11153012639244472361, 4.42762840122363548542, -1.49949771078572546209]), 'crg':'0.0', 'pol':Polarizability(noniso =[ [0.529038040197,0.40376395773,-0.292678145239], [0.40376395773,0.309737858168,-0.223796161009], [-0.292678145239, -0.223796161009, 0.163224101636 ]])}
{'elname':'double', 'pos':Position([ -12.03283134647524496520, 3.36843688654764415397, -1.59776347129090217794]), 'crg':'0.0', 'pol':Polarizability(noniso =[ [0.702605516799,0.196740114719,0.412246209612], [0.196740114719,0.0561687120654,0.115599670512], [0.412246209612, 0.115599670512, 0.243225771135 ]])}
{'elname':'single', 'pos':Position([ -10.82907578028683019600, 3.36654716038408306329, -3.07930878352279727849]), 'crg':'0.0', 'pol':Polarizability(noniso =[ [0.0156095753398,-0.041033850737,0.112684289795], [-0.041033850737,0.116251598157,-0.316495874815], [0.112684289795, -0.316495874815, 0.870138826503 ]])}
{'elname':'pi', 'pos':Position([ -9.97964386976611993109, 2.31302482419877500391, -1.70169841028676216586]), 'crg':'0.0', 'pol':Polarizability(noniso =[ [0.51937864528,0.404887462585,-0.291907501435], [0.404887462585,0.317243461901,-0.227998758517], [-0.291907501435, -0.227998758517, 0.16537789282 ]])}
{'elname':'pi', 'pos':Position([ -7.90850399450316453543, 1.24249495254141712832, -1.82831006324535524206]), 'crg':'0.0', 'pol':Polarizability(noniso =[ [0.693805219416,0.200548879305,0.414624515865], [0.200548879305,0.0590536229566,0.120022886171], [0.414624515865, 0.120022886171, 0.249141157627 ]])}
{'elname':'triple', 'pos':Position([ -8.14094031262117869023, -2.37822037684163263269, 6.00177029547002402975]), 'crg':'0.0', 'pol':Polarizability(noniso =[ [0.0367149598815,-0.0753460337852,0.169489414876], [-0.0753460337852,0.159953694082,-0.357563195419], [0.169489414876, -0.357563195419, 0.805331346037 ]])}
{'elname':'single', 'pos':Position([ -8.82974549923919624654, -8.20802559142759740971, 10.58435624210566895172]), 'crg':'0.0', 'pol':Polarizability(noniso =[ [0.0562713637666,-0.0985476656094,0.206032828338], [-0.0985476656094,0.176708391023,-0.36735214925], [0.206032828338, -0.36735214925, 0.769020245211 ]])}
{'elname':'single', 'pos':Position([ -9.45241027013257562872, -8.41778519558287847624, 8.73903864338826389345]), 'crg':'0.0', 'pol':Polarizability(noniso =[ [0.33788661064,-0.24154845349,-0.405846621542], [-0.24154845349,0.174190781529,0.29099293558], [-0.405846621542, 0.29099293558, 0.489922607831 ]])}
{'elname':'single', 'pos':Position([ -7.21402962939446370704, -8.10503551551351796713, 9.49209451956735853320]), 'crg':'0.0', 'pol':Polarizability(noniso =[ [0.925822881762,0.194369554811,0.175559597894], [0.194369554811,0.0418505505026,0.0368972714217], [0.175559597894, 0.0368972714217, 0.0343265677358 ]])}
{'elname':'single', 'pos':Position([ -10.15633326605908191055, -8.59825404420296263708, 6.90978371706112810604]), 'crg':'0.0', 'pol':Polarizability(noniso =[ [0.0240409450831,-0.0695867468953,0.132833367962], [-0.0695867468953,0.211161316127,-0.401174601229], [0.132833367962, -0.401174601229, 0.76679773879 ]])}
{'elname':'single', 'pos':Position([ -11.18528916211809579097, -8.93651502748039787050, 7.96708550557355834680]), 'crg':'0.0', 'pol':Polarizability(noniso =[ [0.920818186365,0.0900247586655,0.254417796229], [0.0900247586655,0.00981093382684,0.0249004651628], [0.254417796229, 0.0249004651628, 0.0713708798079 ]])}
{'elname':'single', 'pos':Position([ -10.08546853492554100970, -9.92200722177750666506, 7.63921801619570911218]), 'crg':'0.0', 'pol':Polarizability(noniso =[ [0.053097939398,0.221183662355,0.020234467534], [0.221183662355,0.940043137944,0.0859061545753], [0.020234467534, 0.0859061545753, 0.00885892265831 ]])}
{'elname':'single', 'pos':Position([ -5.70791787703627442754, -9.31351539711083546305, 9.14249517930855675565]), 'crg':'0.0', 'pol':Polarizability(noniso =[ [0.0157175564022,0.119842959275,0.01113092501], [0.119842959275,0.976864096952,0.0906375322246], [0.01113092501, 0.0906375322246, 0.00941834664625 ]])}
{'elname':'single', 'pos':Position([ -5.30162675187063992930, -8.08802798004146815093, 9.92862126334997048247]), 'crg':'0.0', 'pol':Polarizability(noniso =[ [0.314792832883,-0.187475499427,-0.42410616029], [-0.187475499427,0.113007220059,0.25338218684], [-0.42410616029, 0.25338218684, 0.574199947058 ]])}
{'elname':'single', 'pos':Position([ -5.55957437319672880841, -7.98031358871848598163, 8.44424136187273374589]), 'crg':'0.0', 'pol':Polarizability(noniso =[ [0.080371435187,-0.127109327365,0.238401883225], [-0.127109327365,0.2045591402,-0.381788523135], [0.238401883225, -0.381788523135, 0.717069424613 ]])}
{'elname':'single', 'pos':Position([ -6.08869769899383420146, -3.12466221144826345503, 12.16794676716986294949]), 'crg':'0.0', 'pol':Polarizability(noniso =[ [0.853025041631,0.174277849425,0.307983077819], [0.174277849425,0.0366477419278,0.0629965386448], [0.307983077819, 0.0629965386448, 0.112327216441 ]])}
{'elname':'single', 'pos':Position([ -7.04584400083752663568, -3.56874785988511976706, 13.78460750009637603434]), 'crg':'0.0', 'pol':Polarizability(noniso =[ [0.00438407137398,-0.025057337477,0.0523580481121], [-0.025057337477,0.186536914577,-0.3876848731], [0.0523580481121, -0.3876848731, 0.811079014049 ]])}
{'elname':'single', 'pos':Position([ -7.05056831624642936240, -1.50894634160353091553, 12.60258378478891380807]), 'crg':'0.0', 'pol':Polarizability(noniso =[ [0.00477527219134,0.0610871170535,0.0050604712352], [0.0610871170535,0.989441542961,0.0818827313696], [0.0050604712352, 0.0818827313696, 0.00778318484718 ]])}
{'elname':'single', 'pos':Position([ -6.43262786076195270695, -3.89189103385406627496, 15.61575215258707291243]), 'crg':'0.0', 'pol':Polarizability(noniso =[ [0.567856371907,-0.243487086578,-0.430903014417], [-0.243487086578,0.105587271606,0.185089777195], [-0.430903014417, 0.185089777195, 0.328556356488 ]])}
{'elname':'single', 'pos':Position([ -7.07230016712738190534, -5.11076440935096976966, 14.99308738169369353025]), 'crg':'0.0', 'pol':Polarizability(noniso =[ [0.00487194782793,0.0617607415833,0.00622050634652], [0.0617607415833,0.986134451812,0.0992221750027], [0.00622050634652, 0.0992221750027, 0.01099360036 ]])}
{'elname':'single', 'pos':Position([ -7.93590502387480035042, -3.97031466964185153857, 15.48252645805601601882]), 'crg':'0.0', 'pol':Polarizability(noniso =[ [0.759143435566,0.207978386779,0.373294540372], [0.207978386779,0.0580538599135,0.102404363947], [0.373294540372, 0.102404363947, 0.184802704521 ]])}
{'elname':'single', 'pos':Position([ -7.96803036865533889214, .15873699773913161792, 13.06556669486138102699]), 'crg':'0.0', 'pol':Polarizability(noniso =[ [0.800408081476,0.222412282646,0.331795372471], [0.222412282646,0.0628798140998,0.0923125095588], [0.331795372471, 0.0923125095588, 0.138712104424 ]])}
{'elname':'single', 'pos':Position([ -7.03356078077437954620, .31463940623292159980, 11.88826729496282152745]), 'crg':'0.0', 'pol':Polarizability(noniso =[ [0.0140842799105,-0.0477809864589,0.103038704295], [-0.0477809864589,0.175485923765,-0.376275268364], [0.103038704295, -0.376275268364, 0.812429796325 ]])}
{'elname':'single', 'pos':Position([ -6.47420183636029670212, .23243631811801415480, 13.28855438216158972835]), 'crg':'0.0', 'pol':Polarizability(noniso =[ [0.517126742416,-0.236069333889,-0.439880746378], [-0.236069333889,0.108974894194,0.201195455019], [-0.439880746378, 0.201195455019, 0.37589836339 ]])}
{'elname':'single', 'pos':Position([ -13.02021326693591485045, -4.10543009033646952287, 9.96358119737585066022]), 'crg':'0.0', 'pol':Polarizability(noniso =[ [0.20455538889,-0.216615358531,-0.33910886689], [-0.216615358531,0.231513246579,0.360865851713], [-0.33910886689, 0.360865851713, 0.565931364531 ]])}
{'elname':'single', 'pos':Position([ -13.07784991492452811647, -4.33503181920914204164, 11.80889879609325571849]), 'crg':'0.0', 'pol':Polarizability(noniso =[ [0.119035522562,-0.166584246266,0.276106485524], [-0.166584246266,0.236101353405,-0.3896707515], [0.276106485524, -0.3896707515, 0.646863124033 ]])}
{'elname':'single', 'pos':Position([ -13.03249648699906193993, -2.35365393671533845373, 10.51065692172678641483]), 'crg':'0.0', 'pol':Polarizability(noniso =[ [0.102335022964,0.299210723718,-0.0379189118187], [0.299210723718,0.884475964872,-0.111962722424], [-0.0379189118187, -0.111962722424, 0.0151890121644 ]])}
{'elname':'single', 'pos':Position([ -13.19312321090175464853, -5.86854460093896713614, 12.97391497592866812855]), 'crg':'0.0', 'pol':Polarizability(noniso =[ [0.15973282296,0.364963702918,-0.0133968878713], [0.364963702918,0.840136493409,-0.0308025631618], [-0.0133968878713, -0.0308025631618, 0.00213068363108 ]])}
{'elname':'single', 'pos':Position([ -14.48475104369576013478, -5.08619796922467559070, 12.89265675089554122891]), 'crg':'0.0', 'pol':Polarizability(noniso =[ [0.991834717094,-0.0720791648706,-0.0538055737766], [-0.0720791648706,0.00624346383792,0.0039141349776], [-0.0538055737766, 0.0039141349776, 0.00392181906779 ]])}
{'elname':'single', 'pos':Position([ -13.32823863159637263283, -4.55424005418222856162, 13.70807359047215186141]), 'crg':'0.0', 'pol':Polarizability(noniso =[ [0.0650247418899,-0.127016826653,-0.209113068269], [-0.127016826653,0.252984994811,0.414853345115], [-0.209113068269, 0.414853345115, 0.683990263299 ]])}
{'elname':'single', 'pos':Position([ -13.06556669486138102699, -.68408087120911482958, 9.60169863705390179319]), 'crg':'0.0', 'pol':Polarizability(noniso =[ [0.193195342739,-0.176104569859,0.352209139718], [-0.176104569859,0.162360931452,-0.322721862904], [0.352209139718, -0.322721862904, 0.646443725808 ]])}
{'elname':'single', 'pos':Position([ -13.25548417429927064128, -.56030380749586338942, 11.09741689551250507391]), 'crg':'0.0', 'pol':Polarizability(noniso =[ [0.0555662431999,-0.125097282445,-0.189433027703], [-0.125097282445,0.287795079841,0.434289692331], [-0.189433027703, 0.434289692331, 0.658638676959 ]])}
{'elname':'single', 'pos':Position([ -14.39120959859948614565, -1.05446719926708860472, 10.23003258643796444744]), 'crg':'0.0', 'pol':Polarizability(noniso =[ [0.984282706875,0.00202113608813,-0.12429986942], [0.00202113608813,0.00100415444211,-0.000255498189969], [-0.12429986942, -0.000255498189969, 0.0167131386831 ]])}
{'elname':'single', 'pos':Position([ -5.53500793307043462945, 3.57063758604868085775, -8.54250712237791046175]), 'crg':'0.0', 'pol':Polarizability(noniso =[ [0.0552129225256,-0.0989259170386,0.203551790885], [-0.0989259170386,0.181516685063,-0.371434459535], [0.203551790885, -0.371434459535, 0.765270392411 ]])}
{'elname':'single', 'pos':Position([ -5.40934114319362209860, 6.06035180654041784113, -9.90877913863257903023]), 'crg':'0.0', 'pol':Polarizability(noniso =[ [0.0254877631566,0.153899365737,0.0133645080279], [0.153899365737,0.968218386699,0.0839925351988], [0.0133645080279, 0.0839925351988, 0.00829385014402 ]])}
{'elname':'single', 'pos':Position([ -6.23231688742447709387, 3.62732937095551357843, -11.27221656564190596269]), 'crg':'0.0', 'pol':Polarizability(noniso =[ [0.386531337206,-0.238394591874,-0.423886084303], [-0.238394591874,0.14841209326,0.26211137803], [-0.423886084303, 0.26211137803, 0.467056569534 ]])}
{'elname':'single', 'pos':Position([ -3.41662490371845196656, 3.97976330045965699202, -10.36798259637792406777]), 'crg':'0.0', 'pol':Polarizability(noniso =[ [0.935603826487,0.17929555216,0.16744555877], [0.17929555216,0.0353962801277,0.0321229627629], [0.16744555877, 0.0321229627629, 0.0309998933849 ]])}
{'elname':'pi', 'pos':Position([ -5.86382028553006440942, .13511542069461798430, -1.94263849614080122877]), 'crg':'0.0', 'pol':Polarizability(noniso =[ [0.485687844624,0.408494522193,-0.287076776126], [0.408494522193,0.345278851869,-0.241948073997], [-0.287076776126, -0.241948073997, 0.171033303507 ]])}
{'elname':'pi', 'pos':Position([ -6.58286109076505941676, 1.42201893807972074382, -3.73693348844205683842]), 'crg':'0.0', 'pol':Polarizability(noniso =[ [0.025529103298,-0.0578886837833,0.143358981497], [-0.0578886837833,0.137617293729,-0.338327196334], [0.143358981497, -0.338327196334, 0.838853602973 ]])}
{'elname':'pi', 'pos':Position([ -3.82197116580230591944, -.98549219429710879455, -2.03712480431885576324]), 'crg':'0.0', 'pol':Polarizability(noniso =[ [0.699526302275,0.211044116858,0.406631481495], [0.211044116858,0.0647622650931,0.122854617813], [0.406631481495, 0.122854617813, 0.237711432632 ]])}
{'elname':'pi', 'pos':Position([ -5.10320550469672540691, -1.10737953184679914402, -.11432843289544598671]), 'crg':'0.0', 'pol':Polarizability(noniso =[ [0.0166428436234,-0.0418294823962,0.116759567598], [-0.0418294823962,0.11285342254,-0.312218954239], [0.116759567598, -0.312218954239, 0.872503733837 ]])}
{'elname':'single', 'pos':Position([ -2.59648374873293860732, -1.02990075914079442575, -3.52339443195965359051]), 'crg':'0.0', 'pol':Polarizability(noniso =[ [0.0175199734687,-0.0417061625275,0.120379150932], [-0.0417061625275,0.106290967692,-0.303908020385], [0.120379150932, -0.303908020385, 0.878189058839 ]])}
{'elname':'double', 'pos':Position([ -1.77823231991098633878, -2.05980151828158885151, -2.14294946947827684185]), 'crg':'0.0', 'pol':Polarizability(noniso =[ [0.510265392835,0.403082527527,-0.294837859009], [0.403082527527,0.320039004581,-0.233363568568], [-0.294837859009, -0.233363568568, 0.171695602584 ]])}
{'elname':'pi', 'pos':Position([ .28629351377950523945, -3.13222111610250781779, -2.25822276545550337391]), 'crg':'0.0', 'pol':Polarizability(noniso =[ [0.70298052185,0.207016812208,0.406996225701], [0.207016812208,0.0620500707681,0.120024785023], [0.406996225701, 0.120024785023, 0.236969407382 ]])}
{'elname':'pi', 'pos':Position([ -1.00627918209628079214, -3.23710091818014835105, -.32408803705072705324]), 'crg':'0.0', 'pol':Polarizability(noniso =[ [0.0150769656689,-0.0381971466104,0.111380903801], [-0.0381971466104,0.104646058639,-0.302226545988], [0.111380903801, -0.302226545988, 0.882276975692 ]])}
{'elname':'single', 'pos':Position([ 1.54107168638406945726, -3.18040913327331563037, -3.75677561315944829066]), 'crg':'0.0', 'pol':Polarizability(noniso =[ [0.0199638153201,-0.0437181086005,0.129127658515], [-0.0437181086005,0.101785257995,-0.297683609707], [0.129127658515, -0.297683609707, 0.880250926685 ]])}
{'elname':'double', 'pos':Position([ 2.31491455036233609459, -4.18101913687891315044, -2.35648852596068008976]), 'crg':'0.0', 'pol':Polarizability(noniso =[ [0.495392012937,0.393952372414,-0.307043460666], [0.393952372414,0.314917837808,-0.244665157604], [-0.307043460666, -0.244665157604, 0.191690149256 ]])}
{'elname':'single', 'pos':Position([ 3.95425199725158226771, -5.11548872475987249639, -2.25538817621016173787]), 'crg':'0.0', 'pol':Polarizability(noniso =[ [0.68248220821,0.201406206758,0.419306887344], [0.201406206758,0.0605238725704,0.12392254505], [0.419306887344, 0.12392254505, 0.25899391922 ]])}
{'elname':'pi', 'pos':Position([ 3.05474234339650309952, -5.32619319199693410826, -.53762709353313030115]), 'crg':'0.0', 'pol':Polarizability(noniso =[ [0.0148121919213,-0.0376320199054,0.110414827635], [-0.0376320199054,0.103530353635,-0.300830817807], [0.110414827635, -0.300830817807, 0.883657454444 ]])}
{'elname':'single', 'pos':Position([ 3.53945710434992286137, -6.25215901214186854610, 1.10643466876501859868]), 'crg':'0.0', 'pol':Polarizability(noniso =[ [0.513097555568,0.395369436284,-0.304999279419], [0.395369436284,0.306248461837,-0.235477384846], [-0.304999279419, -0.235477384846, 0.182653982595 ]])}
{'elname':'double', 'pos':Position([ 1.84815218796274669429, -5.46792265426401590997, 1.38422441480849893003]), 'crg':'0.0', 'pol':Polarizability(noniso =[ [0.679640489247,0.186473287586,0.427360091877], [0.186473287586,0.0522381555979,0.117427772993], [0.427360091877, 0.117427772993, 0.270121355155 ]])}
{'elname':'single', 'pos':Position([ .71053703749897009923, -5.48020587432716299945, 2.88561185175778548281]), 'crg':'0.0', 'pol':Polarizability(noniso =[ [0.010785561936,-0.0331043478261,0.092650533224], [-0.0331043478261,0.112991304348,-0.313434782609], [0.092650533224, -0.313434782609, 0.878223133716 ]])}
{'elname':'pi', 'pos':Position([ -.18424830094720634222, -4.42762840122363548542, 1.49949771078572546209]), 'crg':'0.0', 'pol':Polarizability(noniso =[ [0.529038040197,0.40376395773,-0.292678145239], [0.40376395773,0.309737858168,-0.223796161009], [-0.292678145239, -0.223796161009, 0.163224101636 ]])}
{'elname':'double', 'pos':Position([ -2.26294708086440610063, -3.36843688654764415397, 1.59776347129090217794]), 'crg':'0.0', 'pol':Polarizability(noniso =[ [0.702605516799,0.196740114719,0.412246209612], [0.196740114719,0.0561687120654,0.115599670512], [0.412246209612, 0.115599670512, 0.243225771135 ]])}
{'elname':'single', 'pos':Position([ -3.46670264705282086982, -3.36654716038408306329, 3.07930878352279727849]), 'crg':'0.0', 'pol':Polarizability(noniso =[ [0.0156095753398,-0.041033850737,0.112684289795], [-0.041033850737,0.116251598157,-0.316495874815], [0.112684289795, -0.316495874815, 0.870138826503 ]])}
{'elname':'pi', 'pos':Position([ -4.31613455757353113474, -2.31302482419877500391, 1.70169841028676216586]), 'crg':'0.0', 'pol':Polarizability(noniso =[ [0.51937864528,0.404887462585,-0.291907501435], [0.404887462585,0.317243461901,-0.227998758517], [-0.291907501435, -0.227998758517, 0.16537789282 ]])}
{'elname':'triple', 'pos':Position([ -6.15483811471847237560, 2.37822037684163263269, -6.00177029547002402975]), 'crg':'0.0', 'pol':Polarizability(noniso =[ [0.0367149598815,-0.0753460337852,0.169489414876], [-0.0753460337852,0.159953694082,-0.357563195419], [0.169489414876, -0.357563195419, 0.805331346037 ]])}
{'elname':'single', 'pos':Position([ -5.46603292810045481929, 8.20802559142759740971, -10.58435624210566895172]), 'crg':'0.0', 'pol':Polarizability(noniso =[ [0.0562713637666,-0.0985476656094,0.206032828338], [-0.0985476656094,0.176708391023,-0.36735214925], [0.206032828338, -0.36735214925, 0.769020245211 ]])}
{'elname':'single', 'pos':Position([ -4.84336815720707543710, 8.41778519558287847624, -8.73903864338826389345]), 'crg':'0.0', 'pol':Polarizability(noniso =[ [0.33788661064,-0.24154845349,-0.405846621542], [-0.24154845349,0.174190781529,0.29099293558], [-0.405846621542, 0.29099293558, 0.489922607831 ]])}
{'elname':'single', 'pos':Position([ -7.08174879794518735878, 8.10503551551351796713, -9.49209451956735853320]), 'crg':'0.0', 'pol':Polarizability(noniso =[ [0.925822881762,0.194369554811,0.175559597894], [0.194369554811,0.0418505505026,0.0368972714217], [0.175559597894, 0.0368972714217, 0.0343265677358 ]])}
{'elname':'single', 'pos':Position([ -4.13944516128056915528, 8.59825404420296263708, -6.90978371706112810604]), 'crg':'0.0', 'pol':Polarizability(noniso =[ [0.0240409450831,-0.0695867468953,0.132833367962], [-0.0695867468953,0.211161316127,-0.401174601229], [0.132833367962, -0.401174601229, 0.76679773879 ]])}
{'elname':'single', 'pos':Position([ -3.11048926522155527486, 8.93651502748039787050, -7.96708550557355834680]), 'crg':'0.0', 'pol':Polarizability(noniso =[ [0.920818186365,0.0900247586655,0.254417796229], [0.0900247586655,0.00981093382684,0.0249004651628], [0.254417796229, 0.0249004651628, 0.0713708798079 ]])}
{'elname':'single', 'pos':Position([ -4.21030989241411005613, 9.92200722177750666506, -7.63921801619570911218]), 'crg':'0.0', 'pol':Polarizability(noniso =[ [0.053097939398,0.221183662355,0.020234467534], [0.221183662355,0.940043137944,0.0859061545753], [0.020234467534, 0.0859061545753, 0.00885892265831 ]])}
{'elname':'single', 'pos':Position([ -8.58786055030337663829, 9.31351539711083546305, -9.14249517930855675565]), 'crg':'0.0', 'pol':Polarizability(noniso =[ [0.0157175564022,0.119842959275,0.01113092501], [0.119842959275,0.976864096952,0.0906375322246], [0.01113092501, 0.0906375322246, 0.00941834664625 ]])}
{'elname':'single', 'pos':Position([ -8.99415167546901113653, 8.08802798004146815093, -9.92862126334997048247]), 'crg':'0.0', 'pol':Polarizability(noniso =[ [0.314792832883,-0.187475499427,-0.42410616029], [-0.187475499427,0.113007220059,0.25338218684], [-0.42410616029, 0.25338218684, 0.574199947058 ]])}
{'elname':'single', 'pos':Position([ -8.73620405414292225741, 7.98031358871848598163, -8.44424136187273374589]), 'crg':'0.0', 'pol':Polarizability(noniso =[ [0.080371435187,-0.127109327365,0.238401883225], [-0.127109327365,0.2045591402,-0.381788523135], [0.238401883225, -0.381788523135, 0.717069424613 ]])}
{'elname':'single', 'pos':Position([ -8.20708072834581686436, 3.12466221144826345503, -12.16794676716986294949]), 'crg':'0.0', 'pol':Polarizability(noniso =[ [0.853025041631,0.174277849425,0.307983077819], [0.174277849425,0.0366477419278,0.0629965386448], [0.307983077819, 0.0629965386448, 0.112327216441 ]])}
{'elname':'single', 'pos':Position([ -7.24993442650212443015, 3.56874785988511976706, -13.78460750009637603434]), 'crg':'0.0', 'pol':Polarizability(noniso =[ [0.00438407137398,-0.025057337477,0.0523580481121], [-0.025057337477,0.186536914577,-0.3876848731], [0.0523580481121, -0.3876848731, 0.811079014049 ]])}
{'elname':'single', 'pos':Position([ -7.24521011109322170342, 1.50894634160353091553, -12.60258378478891380807]), 'crg':'0.0', 'pol':Polarizability(noniso =[ [0.00477527219134,0.0610871170535,0.0050604712352], [0.0610871170535,0.989441542961,0.0818827313696], [0.0050604712352, 0.0818827313696, 0.00778318484718 ]])}
{'elname':'single', 'pos':Position([ -7.86315056657769835888, 3.89189103385406627496, -15.61575215258707291243]), 'crg':'0.0', 'pol':Polarizability(noniso =[ [0.567856371907,-0.243487086578,-0.430903014417], [-0.243487086578,0.105587271606,0.185089777195], [-0.430903014417, 0.185089777195, 0.328556356488 ]])}
{'elname':'single', 'pos':Position([ -7.22347826021226916049, 5.11076440935096976966, -14.99308738169369353025]), 'crg':'0.0', 'pol':Polarizability(noniso =[ [0.00487194782793,0.0617607415833,0.00622050634652], [0.0617607415833,0.986134451812,0.0992221750027], [0.00622050634652, 0.0992221750027, 0.01099360036 ]])}
{'elname':'single', 'pos':Position([ -6.35987340346485071541, 3.97031466964185153857, -15.48252645805601601882]), 'crg':'0.0', 'pol':Polarizability(noniso =[ [0.759143435566,0.207978386779,0.373294540372], [0.207978386779,0.0580538599135,0.102404363947], [0.373294540372, 0.102404363947, 0.184802704521 ]])}
{'elname':'single', 'pos':Position([ -6.32774805868431217368, -.15873699773913161792, -13.06556669486138102699]), 'crg':'0.0', 'pol':Polarizability(noniso =[ [0.800408081476,0.222412282646,0.331795372471], [0.222412282646,0.0628798140998,0.0923125095588], [0.331795372471, 0.0923125095588, 0.138712104424 ]])}
{'elname':'single', 'pos':Position([ -7.26221764656527151963, -.31463940623292159980, -11.88826729496282152745]), 'crg':'0.0', 'pol':Polarizability(noniso =[ [0.0140842799105,-0.0477809864589,0.103038704295], [-0.0477809864589,0.175485923765,-0.376275268364], [0.103038704295, -0.376275268364, 0.812429796325 ]])}
{'elname':'single', 'pos':Position([ -7.82157659097935436371, -.23243631811801415480, -13.28855438216158972835]), 'crg':'0.0', 'pol':Polarizability(noniso =[ [0.517126742416,-0.236069333889,-0.439880746378], [-0.236069333889,0.108974894194,0.201195455019], [-0.439880746378, 0.201195455019, 0.37589836339 ]])}
{'elname':'single', 'pos':Position([ -1.27556516040373621539, 4.10543009033646952287, -9.96358119737585066022]), 'crg':'0.0', 'pol':Polarizability(noniso =[ [0.20455538889,-0.216615358531,-0.33910886689], [-0.216615358531,0.231513246579,0.360865851713], [-0.33910886689, 0.360865851713, 0.565931364531 ]])}
{'elname':'single', 'pos':Position([ -1.21792851241512294936, 4.33503181920914204164, -11.80889879609325571849]), 'crg':'0.0', 'pol':Polarizability(noniso =[ [0.119035522562,-0.166584246266,0.276106485524], [-0.166584246266,0.236101353405,-0.3896707515], [0.276106485524, -0.3896707515, 0.646863124033 ]])}
{'elname':'single', 'pos':Position([ -1.26328194034058912590, 2.35365393671533845373, -10.51065692172678641483]), 'crg':'0.0', 'pol':Polarizability(noniso =[ [0.102335022964,0.299210723718,-0.0379189118187], [0.299210723718,0.884475964872,-0.111962722424], [-0.0379189118187, -0.111962722424, 0.0151890121644 ]])}
{'elname':'single', 'pos':Position([ -1.10265521643789641730, 5.86854460093896713614, -12.97391497592866812855]), 'crg':'0.0', 'pol':Polarizability(noniso =[ [0.15973282296,0.364963702918,-0.0133968878713], [0.364963702918,0.840136493409,-0.0308025631618], [-0.0133968878713, -0.0308025631618, 0.00213068363108 ]])}
{'elname':'single', 'pos':Position([ .18897261635610906894, 5.08619796922467559070, -12.89265675089554122891]), 'crg':'0.0', 'pol':Polarizability(noniso =[ [0.991834717094,-0.0720791648706,-0.0538055737766], [-0.0720791648706,0.00624346383792,0.0039141349776], [-0.0538055737766, 0.0039141349776, 0.00392181906779 ]])}
{'elname':'single', 'pos':Position([ -.96753979574327843300, 4.55424005418222856162, -13.70807359047215186141]), 'crg':'0.0', 'pol':Polarizability(noniso =[ [0.0650247418899,-0.127016826653,-0.209113068269], [-0.127016826653,0.252984994811,0.414853345115], [-0.209113068269, 0.414853345115, 0.683990263299 ]])}
{'elname':'single', 'pos':Position([ -1.23021173247827003884, .68408087120911482958, -9.60169863705390179319]), 'crg':'0.0', 'pol':Polarizability(noniso =[ [0.193195342739,-0.176104569859,0.352209139718], [-0.176104569859,0.162360931452,-0.322721862904], [0.352209139718, -0.322721862904, 0.646443725808 ]])}
{'elname':'single', 'pos':Position([ -1.04029425304038042454, .56030380749586338942, -11.09741689551250507391]), 'crg':'0.0', 'pol':Polarizability(noniso =[ [0.0555662431999,-0.125097282445,-0.189433027703], [-0.125097282445,0.287795079841,0.434289692331], [-0.189433027703, 0.434289692331, 0.658638676959 ]])}
{'elname':'single', 'pos':Position([ .09543117125983507982, 1.05446719926708860472, -10.23003258643796444744]), 'crg':'0.0', 'pol':Polarizability(noniso =[ [0.984282706875,0.00202113608813,-0.12429986942], [0.00202113608813,0.00100415444211,-0.000255498189969], [-0.12429986942, -0.000255498189969, 0.0167131386831 ]])}
