  FCN Result | Parameter values
-------------+--------------------------------------------------------
../Molecules/BENZENE_picen_fit_aniso_no_charge.xyz
keywords understood:
H: 0.001
C: 10.0
pi: 15.0
single: 5.0
tot
[[ 140.65125255   -7.83735183    6.85985065]]
tot
[[  -7.83735183  140.79712158   -7.99263093]]
tot
[[  6.85985065  -7.99263093  65.14217904]]
type eta: <type 'numpy.float64'>
calpol:
[[  7.52704000e+01   0.00000000e+00   0.00000000e+00]
 [  2.43851000e-04   7.52665000e+01   0.00000000e+00]
 [  4.65676000e-05  -4.73280000e-05   4.08866000e+01]]
pypol:
[[ 140.65125255   -7.83735183    6.85985065]
 [  -7.83735183  140.79712158   -7.99263093]
 [   6.85985065   -7.99263093   65.14217904]]
py_over_cal
[[  1.86861306e+00             -inf              inf]
 [ -3.21399208e+04   1.87064792e+00             -inf]
 [  1.47309517e+05   1.68877428e+05   1.59324030e+00]]
absdiffit:
9329.61756935
../Molecules/NAPHTA_picen_fit_aniso_no_charge.xyz
keywords understood:
H: 0.001
C: 10.0
pi: 15.0
single: 5.0
tot
[[ 106.75740614  -16.72553054    5.08148497]]
tot
[[ -16.72553054  176.73304805   30.2288419 ]]
tot
[[   5.08148497   30.2288419   248.87698739]]
type eta: <type 'numpy.float64'>
calpol:
[[  85.1836      0.          0.      ]
 [  23.9625    106.008       0.      ]
 [ -30.2545     -0.525494  142.692   ]]
pypol:
[[ 106.75740614  -16.72553054    5.08148497]
 [ -16.72553054  176.73304805   30.2288419 ]
 [   5.08148497   30.2288419   248.87698739]]
py_over_cal
[[  1.25326244         -inf          inf]
 [ -0.69798771   1.66716708          inf]
 [ -0.16795799 -57.52461855   1.74415516]]
absdiffit:
20592.6899194
../Molecules/TETCEN_picen_fit_aniso_no_charge.xyz
keywords understood:
H: 0.001
C: 10.0
pi: 15.0
single: 5.0
tot
[[ 173.64810683  -21.49969799  -26.27427917]]
tot
[[ -21.49969799  286.1219205   -23.91604228]]
tot
[[ -26.27427917  -23.91604228  769.26259245]]
type eta: <type 'numpy.float64'>
calpol:
[[ 142.846     0.        0.    ]
 [  56.9193  194.033     0.    ]
 [ -65.2828  -38.6246  372.183 ]]
pypol:
[[ 173.64810683  -21.49969799  -26.27427917]
 [ -21.49969799  286.1219205   -23.91604228]
 [ -26.27427917  -23.91604228  769.26259245]]
py_over_cal
[[ 1.21563157        -inf        -inf]
 [-0.37772246  1.47460443        -inf]
 [ 0.40246863  0.61919197  2.06689342]]
absdiffit:
174988.887414
../Molecules/ANTCEN_picen_fit_aniso_no_charge.xyz
keywords understood:
H: 0.001
C: 10.0
pi: 15.0
single: 5.0
tot
[[ 151.96329909  -20.07588526   -4.1561021 ]]
tot
[[ -20.07588526  245.01310114   57.3243625 ]]
tot
[[  -4.1561021    57.3243625   351.43666857]]
type eta: <type 'numpy.float64'>
calpol:
[[ 133.581       0.          0.      ]
 [  33.3093    146.126       0.      ]
 [ -71.4756      0.232007  226.948   ]]
pypol:
[[ 151.96329909  -20.07588526   -4.1561021 ]
 [ -20.07588526  245.01310114   57.3243625 ]
 [  -4.1561021    57.3243625   351.43666857]]
py_over_cal
[[  1.13761163e+00             -inf             -inf]
 [ -6.02711112e-01   1.67672489e+00              inf]
 [  5.81471454e-02   2.47080314e+02   1.54853389e+00]]
absdiffit:
36255.4261508
../Molecules/Pc_picen_fit_aniso_no_charge.xyz
keywords understood:
H: 0.001
C: 10.0
pi: 15.0
single: 5.0
tot
[[ 210.11588875  -16.00656187  -42.25179893]]
tot
[[ -16.00656187  324.44626952  -98.22267987]]
tot
[[  -42.25179893   -98.22267987  1106.48853981]]
type eta: <type 'numpy.float64'>
calpol:
[[ 179.669     0.        0.    ]
 [  80.7973  243.616     0.    ]
 [ -88.0381  -66.27    516.043 ]]
pypol:
[[  210.11588875   -16.00656187   -42.25179893]
 [  -16.00656187   324.44626952   -98.22267987]
 [  -42.25179893   -98.22267987  1106.48853981]]
py_over_cal
[[ 1.169461          -inf        -inf]
 [-0.19810763  1.33179376        -inf]
 [ 0.47992629  1.48215904  2.14417895]]
absdiffit:
368574.827772
etatot
609741.448826
      609741 |            8           10        0.001            5           15
../Molecules/BENZENE_picen_fit_aniso_no_charge.xyz
keywords understood:
H: 0.001
C: 10.0381302559
pi: 15.0
single: 5.0
tot
[[ 140.93340789   -7.83271388    6.8534687 ]]
tot
[[  -7.83271388  141.08374083   -7.9892653 ]]
tot
[[  6.8534687   -7.9892653   65.33404425]]
type eta: <type 'numpy.float64'>
calpol:
[[  7.52704000e+01   0.00000000e+00   0.00000000e+00]
 [  2.43851000e-04   7.52665000e+01   0.00000000e+00]
 [  4.65676000e-05  -4.73280000e-05   4.08866000e+01]]
pypol:
[[ 140.93340789   -7.83271388    6.8534687 ]
 [  -7.83271388  141.08374083   -7.9892653 ]
 [   6.8534687    -7.9892653    65.33404425]]
py_over_cal
[[  1.87236162e+00             -inf              inf]
 [ -3.21209012e+04   1.87445598e+00             -inf]
 [  1.47172470e+05   1.68806316e+05   1.59793292e+00]]
absdiffit:
9413.36955147
../Molecules/NAPHTA_picen_fit_aniso_no_charge.xyz
keywords understood:
H: 0.001
C: 10.0381302559
pi: 15.0
single: 5.0
tot
[[ 107.05654196  -16.64289646    4.95255814]]
tot
[[ -16.64289646  177.12784782   30.26354525]]
tot
[[   4.95255814   30.26354525  249.55003623]]
type eta: <type 'numpy.float64'>
calpol:
[[  85.1836      0.          0.      ]
 [  23.9625    106.008       0.      ]
 [ -30.2545     -0.525494  142.692   ]]
pypol:
[[ 107.05654196  -16.64289646    4.95255814]
 [ -16.64289646  177.12784782   30.26354525]
 [   4.95255814   30.26354525  249.55003623]]
py_over_cal
[[  1.2567741          -inf          inf]
 [ -0.69453924   1.67089133          inf]
 [ -0.16369658 -57.59065803   1.74887195]]
absdiffit:
20791.3983544
../Molecules/TETCEN_picen_fit_aniso_no_charge.xyz
keywords understood:
H: 0.001
C: 10.0381302559
pi: 15.0
single: 5.0
tot
[[ 174.15144672  -21.27778692  -26.74323416]]
tot
[[ -21.27778692  286.77850819  -24.26950496]]
tot
[[ -26.74323416  -24.26950496  772.49534995]]
type eta: <type 'numpy.float64'>
calpol:
[[ 142.846     0.        0.    ]
 [  56.9193  194.033     0.    ]
 [ -65.2828  -38.6246  372.183 ]]
pypol:
[[ 174.15144672  -21.27778692  -26.74323416]
 [ -21.27778692  286.77850819  -24.26950496]
 [ -26.74323416  -24.26950496  772.49534995]]
py_over_cal
[[ 1.21915522        -inf        -inf]
 [-0.37382376  1.47798832        -inf]
 [ 0.40965207  0.62834321  2.07557935]]
absdiffit:
177637.889099
../Molecules/ANTCEN_picen_fit_aniso_no_charge.xyz
keywords understood:
H: 0.001
C: 10.0381302559
pi: 15.0
single: 5.0
tot
[[ 152.4058729   -19.98329003   -4.47553734]]
tot
[[ -19.98329003  245.52945786   57.40817198]]
tot
[[  -4.47553734   57.40817198  352.5443152 ]]
type eta: <type 'numpy.float64'>
calpol:
[[ 133.581       0.          0.      ]
 [  33.3093    146.126       0.      ]
 [ -71.4756      0.232007  226.948   ]]
pypol:
[[ 152.4058729   -19.98329003   -4.47553734]
 [ -19.98329003  245.52945786   57.40817198]
 [  -4.47553734   57.40817198  352.5443152 ]]
py_over_cal
[[  1.14092478e+00             -inf             -inf]
 [ -5.99931251e-01   1.68025853e+00              inf]
 [  6.26162962e-02   2.47441551e+02   1.55341451e+00]]
absdiffit:
36608.0800556
../Molecules/Pc_picen_fit_aniso_no_charge.xyz
keywords understood:
H: 0.001
C: 10.0381302559
pi: 15.0
single: 5.0
tot
[[ 210.7411419   -15.68702058  -43.00633024]]
tot
[[ -15.68702058  325.30483223  -99.0819069 ]]
tot
[[  -43.00633024   -99.0819069   1112.07618517]]
type eta: <type 'numpy.float64'>
calpol:
[[ 179.669     0.        0.    ]
 [  80.7973  243.616     0.    ]
 [ -88.0381  -66.27    516.043 ]]
pypol:
[[  210.7411419    -15.68702058   -43.00633024]
 [  -15.68702058   325.30483223   -99.0819069 ]
 [  -43.00633024   -99.0819069   1112.07618517]]
py_over_cal
[[ 1.17294103        -inf        -inf]
 [-0.19415278  1.33531801        -inf]
 [ 0.4884968   1.49512459  2.15500682]]
absdiffit:
375307.806773
etatot
619758.543834
      619759 |            8      10.0381        0.001            5           15
../Molecules/BENZENE_picen_fit_aniso_no_charge.xyz
keywords understood:
H: 0.001
C: 9.96187003552
pi: 15.0
single: 5.0
tot
[[ 140.36924208   -7.84199969    6.86622733]]
tot
[[  -7.84199969  140.5106491    -7.99599311]]
tot
[[  6.86622733  -7.99599311  64.95018583]]
type eta: <type 'numpy.float64'>
calpol:
[[  7.52704000e+01   0.00000000e+00   0.00000000e+00]
 [  2.43851000e-04   7.52665000e+01   0.00000000e+00]
 [  4.65676000e-05  -4.73280000e-05   4.08866000e+01]]
pypol:
[[ 140.36924208   -7.84199969    6.86622733]
 [  -7.84199969  140.5106491    -7.99599311]
 [   6.86622733   -7.99599311   64.95018583]]
py_over_cal
[[  1.86486643e+00             -inf              inf]
 [ -3.21589811e+04   1.86684181e+00             -inf]
 [  1.47446451e+05   1.68948468e+05   1.58854456e+00]]
absdiffit:
9246.29476473
../Molecules/NAPHTA_picen_fit_aniso_no_charge.xyz
keywords understood:
H: 0.001
C: 9.96187003552
pi: 15.0
single: 5.0
tot
[[ 106.45829544  -16.8079958     5.20998004]]
tot
[[ -16.8079958   176.33835463   30.19409699]]
tot
[[   5.20998004   30.19409699  248.20497058]]
type eta: <type 'numpy.float64'>
calpol:
[[  85.1836      0.          0.      ]
 [  23.9625    106.008       0.      ]
 [ -30.2545     -0.525494  142.692   ]]
pypol:
[[ 106.45829544  -16.8079958     5.20998004]
 [ -16.8079958   176.33835463   30.19409699]
 [   5.20998004   30.19409699  248.20497058]]
py_over_cal
[[  1.24975107         -inf          inf]
 [ -0.70142914   1.66344384          inf]
 [ -0.17220513 -57.45849999   1.73944559]]
absdiffit:
20395.6143535
../Molecules/TETCEN_picen_fit_aniso_no_charge.xyz
keywords understood:
H: 0.001
C: 9.96187003552
pi: 15.0
single: 5.0
tot
[[ 173.1450182   -21.7209419   -25.80836614]]
tot
[[ -21.7209419   285.46572915  -23.56519355]]
tot
[[ -25.80836614  -23.56519355  766.04545441]]
type eta: <type 'numpy.float64'>
calpol:
[[ 142.846     0.        0.    ]
 [  56.9193  194.033     0.    ]
 [ -65.2828  -38.6246  372.183 ]]
pypol:
[[ 173.1450182   -21.7209419   -25.80836614]
 [ -21.7209419   285.46572915  -23.56519355]
 [ -25.80836614  -23.56519355  766.04545441]]
py_over_cal
[[ 1.21210967        -inf        -inf]
 [-0.38160943  1.47122257        -inf]
 [ 0.39533179  0.61010842  2.05824945]]
absdiffit:
172374.911755
../Molecules/ANTCEN_picen_fit_aniso_no_charge.xyz
keywords understood:
H: 0.001
C: 9.96187003552
pi: 15.0
single: 5.0
tot
[[ 151.52109923  -20.16832114   -3.83798904]]
tot
[[ -20.16832114  244.49678727   57.24055395]]
tot
[[  -3.83798904   57.24055395  350.33176803]]
type eta: <type 'numpy.float64'>
calpol:
[[ 133.581       0.          0.      ]
 [  33.3093    146.126       0.      ]
 [ -71.4756      0.232007  226.948   ]]
pypol:
[[ 151.52109923  -20.16832114   -3.83798904]
 [ -20.16832114  244.49678727   57.24055395]
 [  -3.83798904   57.24055395  350.33176803]]
py_over_cal
[[  1.13430128e+00             -inf             -inf]
 [ -6.05486190e-01   1.67319154e+00              inf]
 [  5.36964928e-02   2.46719082e+02   1.54366537e+00]]
absdiffit:
35906.8899638
../Molecules/Pc_picen_fit_aniso_no_charge.xyz
keywords understood:
H: 0.001
C: 9.96187003552
pi: 15.0
single: 5.0
tot
[[ 209.49123469  -16.32471898  -41.50340789]]
tot
[[ -16.32471898  323.58895828  -97.3706592 ]]
tot
[[  -41.50340789   -97.3706592   1100.93752016]]
type eta: <type 'numpy.float64'>
calpol:
[[ 179.669     0.        0.    ]
 [  80.7973  243.616     0.    ]
 [ -88.0381  -66.27    516.043 ]]
pypol:
[[  209.49123469   -16.32471898   -41.50340789]
 [  -16.32471898   323.58895828   -97.3706592 ]
 [  -41.50340789   -97.3706592   1100.93752016]]
py_over_cal
[[ 1.16598431        -inf        -inf]
 [-0.20204535  1.32827465        -inf]
 [ 0.47142553  1.46930224  2.13342206]]
absdiffit:
361952.05459
etatot
599875.765427
      599876 |            8      9.96187        0.001            5           15
../Molecules/BENZENE_picen_fit_aniso_no_charge.xyz
keywords understood:
H: 0.001
C: 10.0038130491
pi: 15.0
single: 5.0
tot
[[ 140.67946183   -7.83688758    6.85921268]]
tot
[[  -7.83688758  140.82577717   -7.99229452]]
tot
[[  6.85921268  -7.99229452  65.1613715 ]]
type eta: <type 'numpy.float64'>
calpol:
[[  7.52704000e+01   0.00000000e+00   0.00000000e+00]
 [  2.43851000e-04   7.52665000e+01   0.00000000e+00]
 [  4.65676000e-05  -4.73280000e-05   4.08866000e+01]]
pypol:
[[ 140.67946183   -7.83688758    6.85921268]
 [  -7.83688758  140.82577717   -7.99229452]
 [   6.85921268   -7.99229452   65.1613715 ]]
py_over_cal
[[  1.86898783e+00             -inf              inf]
 [ -3.21380170e+04   1.87102864e+00             -inf]
 [  1.47295817e+05   1.68870320e+05   1.59370971e+00]]
absdiffit:
9337.97352848
../Molecules/NAPHTA_picen_fit_aniso_no_charge.xyz
keywords understood:
H: 0.001
C: 10.0038130491
pi: 15.0
single: 5.0
tot
[[ 106.78731887  -16.71727465    5.06861161]]
tot
[[ -16.71727465  176.77252362   30.23231414]]
tot
[[   5.06861161   30.23231414  248.94424643]]
type eta: <type 'numpy.float64'>
calpol:
[[  85.1836      0.          0.      ]
 [  23.9625    106.008       0.      ]
 [ -30.2545     -0.525494  142.692   ]]
pypol:
[[ 106.78731887  -16.71727465    5.06861161]
 [ -16.71727465  176.77252362   30.23231414]
 [   5.06861161   30.23231414  248.94424643]]
py_over_cal
[[  1.25361359         -inf          inf]
 [ -0.69764318   1.66753947          inf]
 [ -0.16753249 -57.53122613   1.74462651]]
absdiffit:
20612.4873841
../Molecules/TETCEN_picen_fit_aniso_no_charge.xyz
keywords understood:
H: 0.001
C: 10.0038130491
pi: 15.0
single: 5.0
tot
[[ 173.69842991  -21.47753675  -26.32103786]]
tot
[[ -21.47753675  286.187562    -23.95127093]]
tot
[[ -26.32103786  -23.95127093  769.58516647]]
type eta: <type 'numpy.float64'>
calpol:
[[ 142.846     0.        0.    ]
 [  56.9193  194.033     0.    ]
 [ -65.2828  -38.6246  372.183 ]]
pypol:
[[ 173.69842991  -21.47753675  -26.32103786]
 [ -21.47753675  286.187562    -23.95127093]
 [ -26.32103786  -23.95127093  769.58516647]]
py_over_cal
[[ 1.21598386        -inf        -inf]
 [-0.37733311  1.47494273        -inf]
 [ 0.40318488  0.62010405  2.06776012]]
absdiffit:
175252.20715
../Molecules/ANTCEN_picen_fit_aniso_no_charge.xyz
keywords understood:
H: 0.001
C: 10.0038130491
pi: 15.0
single: 5.0
tot
[[ 152.00754002  -20.06663282   -4.18798635]]
tot
[[ -20.06663282  245.06473537   57.33274349]]
tot
[[  -4.18798635   57.33274349  351.54731052]]
type eta: <type 'numpy.float64'>
calpol:
[[ 133.581       0.          0.      ]
 [  33.3093    146.126       0.      ]
 [ -71.4756      0.232007  226.948   ]]
pypol:
[[ 152.00754002  -20.06663282   -4.18798635]
 [ -20.06663282  245.06473537   57.33274349]
 [  -4.18798635   57.33274349  351.54731052]]
py_over_cal
[[  1.13794282e+00             -inf             -inf]
 [ -6.02433339e-01   1.67707824e+00              inf]
 [  5.85932312e-02   2.47116438e+02   1.54902141e+00]]
absdiffit:
36290.5061786
../Molecules/Pc_picen_fit_aniso_no_charge.xyz
keywords understood:
H: 0.001
C: 10.0038130491
pi: 15.0
single: 5.0
tot
[[ 210.17838753  -15.97466992  -42.32697545]]
tot
[[ -15.97466992  324.53207005  -98.3082779 ]]
tot
[[  -42.32697545   -98.3082779   1107.0456554 ]]
type eta: <type 'numpy.float64'>
calpol:
[[ 179.669     0.        0.    ]
 [  80.7973  243.616     0.    ]
 [ -88.0381  -66.27    516.043 ]]
pypol:
[[  210.17838753   -15.97466992   -42.32697545]
 [  -15.97466992   324.53207005   -98.3082779 ]
 [  -42.32697545   -98.3082779   1107.0456554 ]]
py_over_cal
[[ 1.16980886        -inf        -inf]
 [-0.19771292  1.33214596        -inf]
 [ 0.4807802   1.4834507   2.14525855]]
absdiffit:
369243.144125
etatot
610736.318365
      610736 |            8      10.0038        0.001            5           15
../Molecules/BENZENE_picen_fit_aniso_no_charge.xyz
keywords understood:
H: 0.001
C: 9.99618695378
pi: 15.0
single: 5.0
tot
[[ 140.62304471   -7.83781617    6.86048856]]
tot
[[  -7.83781617  140.76846745   -7.99296731]]
tot
[[  6.86048856  -7.99296731  65.12298529]]
type eta: <type 'numpy.float64'>
calpol:
[[  7.52704000e+01   0.00000000e+00   0.00000000e+00]
 [  2.43851000e-04   7.52665000e+01   0.00000000e+00]
 [  4.65676000e-05  -4.73280000e-05   4.08866000e+01]]
pypol:
[[ 140.62304471   -7.83781617    6.86048856]
 [  -7.83781617  140.76846745   -7.99296731]
 [   6.86048856   -7.99296731   65.12298529]]
py_over_cal
[[  1.86823831e+00             -inf              inf]
 [ -3.21418250e+04   1.87026722e+00             -inf]
 [  1.47323215e+05   1.68884536e+05   1.59277087e+00]]
absdiffit:
9321.26590207
../Molecules/NAPHTA_picen_fit_aniso_no_charge.xyz
keywords understood:
H: 0.001
C: 9.99618695378
pi: 15.0
single: 5.0
tot
[[ 106.72749366  -16.73378474    5.09435401]]
tot
[[ -16.73378474  176.69357355   30.22536924]]
tot
[[   5.09435401   30.22536924  248.80973867]]
type eta: <type 'numpy.float64'>
calpol:
[[  85.1836      0.          0.      ]
 [  23.9625    106.008       0.      ]
 [ -30.2545     -0.525494  142.692   ]]
pypol:
[[ 106.72749366  -16.73378474    5.09435401]
 [ -16.73378474  176.69357355   30.22536924]
 [   5.09435401   30.22536924  248.80973867]]
py_over_cal
[[  1.25291128         -inf          inf]
 [ -0.69833217   1.66679471          inf]
 [ -0.16838335 -57.51801018   1.74368387]]
absdiffit:
20572.9087838
../Molecules/TETCEN_picen_fit_aniso_no_charge.xyz
keywords understood:
H: 0.001
C: 9.99618695378
pi: 15.0
single: 5.0
tot
[[ 173.59778626  -21.52185256  -26.2275509 ]]
tot
[[ -21.52185256  286.05628296  -23.88083977]]
tot
[[ -26.2275509   -23.88083977  768.94017462]]
type eta: <type 'numpy.float64'>
calpol:
[[ 142.846     0.        0.    ]
 [  56.9193  194.033     0.    ]
 [ -65.2828  -38.6246  372.183 ]]
pypol:
[[ 173.59778626  -21.52185256  -26.2275509 ]
 [ -21.52185256  286.05628296  -23.88083977]
 [ -26.2275509   -23.88083977  768.94017462]]
py_over_cal
[[ 1.2152793         -inf        -inf]
 [-0.37811169  1.47426615        -inf]
 [ 0.40175285  0.61828057  2.06602713]]
absdiffit:
174725.917941
../Molecules/ANTCEN_picen_fit_aniso_no_charge.xyz
keywords understood:
H: 0.001
C: 9.99618695378
pi: 15.0
single: 5.0
tot
[[ 151.91906189  -20.0851361    -4.12423108]]
tot
[[ -20.0851361   244.96146733   57.31598152]]
tot
[[  -4.12423108   57.31598152  351.32605407]]
type eta: <type 'numpy.float64'>
calpol:
[[ 133.581       0.          0.      ]
 [  33.3093    146.126       0.      ]
 [ -71.4756      0.232007  226.948   ]]
pypol:
[[ 151.91906189  -20.0851361    -4.12423108]
 [ -20.0851361   244.96146733   57.31598152]
 [  -4.12423108   57.31598152  351.32605407]]
py_over_cal
[[  1.13728047e+00             -inf             -inf]
 [ -6.02988838e-01   1.67637154e+00              inf]
 [  5.77012446e-02   2.47044191e+02   1.54804649e+00]]
absdiffit:
36220.3873007
../Molecules/Pc_picen_fit_aniso_no_charge.xyz
keywords understood:
H: 0.001
C: 9.99618695378
pi: 15.0
single: 5.0
tot
[[ 210.05339597  -16.03843998  -42.17668381]]
tot
[[ -16.03843998  324.3604815   -98.1371539 ]]
tot
[[  -42.17668381   -98.1371539   1105.93179048]]
type eta: <type 'numpy.float64'>
calpol:
[[ 179.669     0.        0.    ]
 [  80.7973  243.616     0.    ]
 [ -88.0381  -66.27    516.043 ]]
pypol:
[[  210.05339597   -16.03843998   -42.17668381]
 [  -16.03843998   324.3604815    -98.1371539 ]
 [  -42.17668381   -98.1371539   1105.93179048]]
py_over_cal
[[ 1.16911318        -inf        -inf]
 [-0.19850218  1.33144162        -inf]
 [ 0.47907308  1.48086848  2.14310007]]
absdiffit:
367907.613471
etatot
608748.093399
      608748 |            8      9.99619        0.001            5           15
../Molecules/BENZENE_picen_fit_aniso_no_charge.xyz
keywords understood:
H: 0.001
C: 10.0
pi: 15.0
single: 5.03813025585
tot
[[ 140.7993779    -7.84499715    6.8568051 ]]
tot
[[  -7.84499715  140.94528157   -7.9911053 ]]
tot
[[  6.8568051  -7.9911053  65.1424691]]
type eta: <type 'numpy.float64'>
calpol:
[[  7.52704000e+01   0.00000000e+00   0.00000000e+00]
 [  2.43851000e-04   7.52665000e+01   0.00000000e+00]
 [  4.65676000e-05  -4.73280000e-05   4.08866000e+01]]
pypol:
[[ 140.7993779    -7.84499715    6.8568051 ]
 [  -7.84499715  140.94528157   -7.9911053 ]
 [   6.8568051    -7.9911053    65.1424691 ]]
py_over_cal
[[  1.87058097e+00             -inf              inf]
 [ -3.21712732e+04   1.87261639e+00             -inf]
 [  1.47244116e+05   1.68845193e+05   1.59324740e+00]]
absdiffit:
9368.51643069
../Molecules/NAPHTA_picen_fit_aniso_no_charge.xyz
keywords understood:
H: 0.001
C: 10.0
pi: 15.0
single: 5.03813025585
tot
[[ 106.77372819  -16.76721045    5.08846238]]
tot
[[ -16.76721045  176.91044466   30.33405129]]
tot
[[   5.08846238   30.33405129  249.11650847]]
type eta: <type 'numpy.float64'>
calpol:
[[  85.1836      0.          0.      ]
 [  23.9625    106.008       0.      ]
 [ -30.2545     -0.525494  142.692   ]]
pypol:
[[ 106.77372819  -16.76721045    5.08846238]
 [ -16.76721045  176.91044466   30.33405129]
 [   5.08846238   30.33405129  249.11650847]]
py_over_cal
[[  1.25345405         -inf          inf]
 [ -0.69972709   1.66884051          inf]
 [ -0.16818861 -57.724829     1.74583374]]
absdiffit:
20679.812136
../Molecules/TETCEN_picen_fit_aniso_no_charge.xyz
keywords understood:
H: 0.001
C: 10.0
pi: 15.0
single: 5.03813025585
tot
[[ 173.67057303  -21.56818945  -26.3143092 ]]
tot
[[ -21.56818945  286.33792772  -23.7788791 ]]
tot
[[ -26.3143092   -23.7788791   769.87962832]]
type eta: <type 'numpy.float64'>
calpol:
[[ 142.846     0.        0.    ]
 [  56.9193  194.033     0.    ]
 [ -65.2828  -38.6246  372.183 ]]
pypol:
[[ 173.67057303  -21.56818945  -26.3143092 ]
 [ -21.56818945  286.33792772  -23.7788791 ]
 [ -26.3143092   -23.7788791   769.87962832]]
py_over_cal
[[ 1.21578884        -inf        -inf]
 [-0.37892577  1.47571768        -inf]
 [ 0.40308181  0.61564079  2.0685513 ]]
absdiffit:
175532.186868
../Molecules/ANTCEN_picen_fit_aniso_no_charge.xyz
keywords understood:
H: 0.001
C: 10.0
pi: 15.0
single: 5.03813025585
tot
[[ 151.98379806  -20.13030659   -4.15799949]]
tot
[[ -20.13030659  245.27571177   57.49248088]]
tot
[[  -4.15799949   57.49248088  351.68999122]]
type eta: <type 'numpy.float64'>
calpol:
[[ 133.581       0.          0.      ]
 [  33.3093    146.126       0.      ]
 [ -71.4756      0.232007  226.948   ]]
pypol:
[[ 151.98379806  -20.13030659   -4.15799949]
 [ -20.13030659  245.27571177   57.49248088]
 [  -4.15799949   57.49248088  351.68999122]]
py_over_cal
[[  1.13776509e+00             -inf             -inf]
 [ -6.04344930e-01   1.67852204e+00              inf]
 [  5.81736914e-02   2.47804941e+02   1.54965010e+00]]
absdiffit:
36396.1054519
../Molecules/Pc_picen_fit_aniso_no_charge.xyz
keywords understood:
H: 0.001
C: 10.0
pi: 15.0
single: 5.03813025585
tot
[[ 210.16078501  -16.11198957  -42.36808566]]
tot
[[ -16.11198957  324.70627917  -97.99675732]]
tot
[[  -42.36808566   -97.99675732  1107.45337234]]
type eta: <type 'numpy.float64'>
calpol:
[[ 179.669     0.        0.    ]
 [  80.7973  243.616     0.    ]
 [ -88.0381  -66.27    516.043 ]]
pypol:
[[  210.16078501   -16.11198957   -42.36808566]
 [  -16.11198957   324.70627917   -97.99675732]
 [  -42.36808566   -97.99675732  1107.45337234]]
py_over_cal
[[ 1.16971089        -inf        -inf]
 [-0.19941248  1.33286106        -inf]
 [ 0.48124716  1.47874992  2.14604863]]
absdiffit:
369755.358582
etatot
611731.979468
      611732 |            8           10        0.001      5.03813           15
../Molecules/BENZENE_picen_fit_aniso_no_charge.xyz
keywords understood:
H: 0.001
C: 10.0
pi: 15.0
single: 4.96187003552
tot
[[ 140.50315752   -7.82970445    6.86289578]]
tot
[[  -7.82970445  140.64901031   -7.99415634]]
tot
[[  6.86289578  -7.99415634  65.14188898]]
type eta: <type 'numpy.float64'>
calpol:
[[  7.52704000e+01   0.00000000e+00   0.00000000e+00]
 [  2.43851000e-04   7.52665000e+01   0.00000000e+00]
 [  4.65676000e-05  -4.73280000e-05   4.08866000e+01]]
pypol:
[[ 140.50315752   -7.82970445    6.86289578]
 [  -7.82970445  140.64901031   -7.99415634]
 [   6.86289578   -7.99415634   65.14188898]]
py_over_cal
[[  1.86664555e+00             -inf              inf]
 [ -3.21085599e+04   1.86868009e+00             -inf]
 [  1.47374908e+05   1.68909659e+05   1.59323321e+00]]
absdiffit:
9290.81692087
../Molecules/NAPHTA_picen_fit_aniso_no_charge.xyz
keywords understood:
H: 0.001
C: 10.0
pi: 15.0
single: 4.96187003552
tot
[[ 106.74108215  -16.68384835    5.07450002]]
tot
[[ -16.68384835  176.55568442   30.12370903]]
tot
[[   5.07450002   30.12370903  248.63756794]]
type eta: <type 'numpy.float64'>
calpol:
[[  85.1836      0.          0.      ]
 [  23.9625    106.008       0.      ]
 [ -30.2545     -0.525494  142.692   ]]
pypol:
[[ 106.74108215  -16.68384835    5.07450002]
 [ -16.68384835  176.55568442   30.12370903]
 [   5.07450002   30.12370903  248.63756794]]
py_over_cal
[[  1.2530708          -inf          inf]
 [ -0.69624824   1.66549397          inf]
 [ -0.16772712 -57.32455371   1.74247728]]
absdiffit:
20505.8017034
../Molecules/TETCEN_picen_fit_aniso_no_charge.xyz
keywords understood:
H: 0.001
C: 10.0
pi: 15.0
single: 4.96187003552
tot
[[ 173.62563844  -21.43119948  -26.23427422]]
tot
[[ -21.43119948  285.90589105  -24.05311899]]
tot
[[ -26.23427422  -24.05311899  768.64584569]]
type eta: <type 'numpy.float64'>
calpol:
[[ 142.846     0.        0.    ]
 [  56.9193  194.033     0.    ]
 [ -65.2828  -38.6246  372.183 ]]
pypol:
[[ 173.62563844  -21.43119948  -26.23427422]
 [ -21.43119948  285.90589105  -24.05311899]
 [ -26.23427422  -24.05311899  768.64584569]]
py_over_cal
[[ 1.21547428        -inf        -inf]
 [-0.37651903  1.47349106        -inf]
 [ 0.40185584  0.62274092  2.06523631]]
absdiffit:
174446.718462
../Molecules/ANTCEN_picen_fit_aniso_no_charge.xyz
keywords understood:
H: 0.001
C: 10.0
pi: 15.0
single: 4.96187003552
tot
[[ 151.94279899  -20.02146646   -4.15421656]]
tot
[[ -20.02146646  244.75055545   57.15633818]]
tot
[[  -4.15421656   57.15633818  351.1834347 ]]
type eta: <type 'numpy.float64'>
calpol:
[[ 133.581       0.          0.      ]
 [  33.3093    146.126       0.      ]
 [ -71.4756      0.232007  226.948   ]]
pypol:
[[ 151.94279899  -20.02146646   -4.15421656]
 [ -20.02146646  244.75055545   57.15633818]
 [  -4.15421656   57.15633818  351.1834347 ]]
py_over_cal
[[  1.13745816e+00             -inf             -inf]
 [ -6.01077371e-01   1.67492818e+00              inf]
 [  5.81207652e-02   2.46356093e+02   1.54741806e+00]]
absdiffit:
36115.1206349
../Molecules/Pc_picen_fit_aniso_no_charge.xyz
keywords understood:
H: 0.001
C: 10.0
pi: 15.0
single: 4.96187003552
tot
[[ 210.0709869   -15.90111414  -42.13557173]]
tot
[[ -15.90111414  324.18619795  -98.44849406]]
tot
[[  -42.13557173   -98.44849406  1105.5242745 ]]
type eta: <type 'numpy.float64'>
calpol:
[[ 179.669     0.        0.    ]
 [  80.7973  243.616     0.    ]
 [ -88.0381  -66.27    516.043 ]]
pypol:
[[  210.0709869    -15.90111414   -42.13557173]
 [  -15.90111414   324.18619795   -98.44849406]
 [  -42.13557173   -98.44849406  1105.5242745 ]]
py_over_cal
[[ 1.16921109        -inf        -inf]
 [-0.19680254  1.33072622        -inf]
 [ 0.4786061   1.48556653  2.14231038]]
absdiffit:
367397.09147
etatot
607755.549191
      607756 |            8           10        0.001      4.96187           15
../Molecules/BENZENE_picen_fit_aniso_no_charge.xyz
keywords understood:
H: 0.001
C: 10.0
pi: 15.0
single: 5.00955416822
tot
[[ 140.68836507   -7.83926769    6.85908757]]
tot
[[  -7.83926769  140.83424105   -7.99224868]]
tot
[[  6.85908757  -7.99224868  65.14225172]]
type eta: <type 'numpy.float64'>
calpol:
[[  7.52704000e+01   0.00000000e+00   0.00000000e+00]
 [  2.43851000e-04   7.52665000e+01   0.00000000e+00]
 [  4.65676000e-05  -4.73280000e-05   4.08866000e+01]]
pypol:
[[ 140.68836507   -7.83926769    6.85908757]
 [  -7.83926769  140.83424105   -7.99224868]
 [   6.85908757   -7.99224868   65.14225172]]
py_over_cal
[[  1.86910612e+00             -inf              inf]
 [ -3.21477775e+04   1.87114109e+00             -inf]
 [  1.47293130e+05   1.68869352e+05   1.59324208e+00]]
absdiffit:
9339.35512801
../Molecules/NAPHTA_picen_fit_aniso_no_charge.xyz
keywords understood:
H: 0.001
C: 10.0
pi: 15.0
single: 5.00955416822
tot
[[ 106.7614961   -16.73597437    5.08323399]]
tot
[[ -16.73597437  176.77749475   30.25519675]]
tot
[[   5.08323399   30.25519675  248.936994  ]]
type eta: <type 'numpy.float64'>
calpol:
[[  85.1836      0.          0.      ]
 [  23.9625    106.008       0.      ]
 [ -30.2545     -0.525494  142.692   ]]
pypol:
[[ 106.7614961   -16.73597437    5.08323399]
 [ -16.73597437  176.77749475   30.25519675]
 [   5.08323399   30.25519675  248.936994  ]]
py_over_cal
[[  1.25331045         -inf          inf]
 [ -0.69842355   1.66758636          inf]
 [ -0.1680158  -57.57477107   1.74457569]]
absdiffit:
20614.4979181
../Molecules/TETCEN_picen_fit_aniso_no_charge.xyz
keywords understood:
H: 0.001
C: 10.0
pi: 15.0
single: 5.00955416822
tot
[[ 173.65373633  -21.51686037  -26.28430704]]
tot
[[ -21.51686037  286.17604693  -23.88168179]]
tot
[[ -26.28430704  -23.88168179  769.41717431]]
type eta: <type 'numpy.float64'>
calpol:
[[ 142.846     0.        0.    ]
 [  56.9193  194.033     0.    ]
 [ -65.2828  -38.6246  372.183 ]]
pypol:
[[ 173.65373633  -21.51686037  -26.28430704]
 [ -21.51686037  286.17604693  -23.88168179]
 [ -26.28430704  -23.88168179  769.41717431]]
py_over_cal
[[ 1.21567098        -inf        -inf]
 [-0.37802398  1.47488338        -inf]
 [ 0.40262224  0.61830237  2.06730875]]
absdiffit:
175124.914301
../Molecules/ANTCEN_picen_fit_aniso_no_charge.xyz
keywords understood:
H: 0.001
C: 10.0
pi: 15.0
single: 5.00955416822
tot
[[ 151.96843556  -20.08952122   -4.15657642]]
tot
[[ -20.08952122  245.07889668   57.36647864]]
tot
[[  -4.15657642   57.36647864  351.5001346 ]]
type eta: <type 'numpy.float64'>
calpol:
[[ 133.581       0.          0.      ]
 [  33.3093    146.126       0.      ]
 [ -71.4756      0.232007  226.948   ]]
pypol:
[[ 151.96843556  -20.08952122   -4.15657642]
 [ -20.08952122  245.07889668   57.36647864]
 [  -4.15657642   57.36647864  351.5001346 ]]
py_over_cal
[[  1.13765008e+00             -inf             -inf]
 [ -6.03120487e-01   1.67717515e+00              inf]
 [  5.81537814e-02   2.47261844e+02   1.54881354e+00]]
absdiffit:
36290.640675
../Molecules/Pc_picen_fit_aniso_no_charge.xyz
keywords understood:
H: 0.001
C: 10.0
pi: 15.0
single: 5.00955416822
tot
[[ 210.12713881  -16.03298048  -42.28093099]]
tot
[[ -16.03298048  324.51142525  -98.16608124]]
tot
[[  -42.28093099   -98.16608124  1106.73024202]]
type eta: <type 'numpy.float64'>
calpol:
[[ 179.669     0.        0.    ]
 [  80.7973  243.616     0.    ]
 [ -88.0381  -66.27    516.043 ]]
pypol:
[[  210.12713881   -16.03298048   -42.28093099]
 [  -16.03298048   324.51142525   -98.16608124]
 [  -42.28093099   -98.16608124  1106.73024202]]
py_over_cal
[[ 1.16952362        -inf        -inf]
 [-0.19843461  1.33206122        -inf]
 [ 0.4802572   1.48130498  2.14464733]]
absdiffit:
368870.367663
etatot
610239.775684
      610240 |            8           10        0.001      5.00955           15
../Molecules/BENZENE_picen_fit_aniso_no_charge.xyz
keywords understood:
H: 0.001
C: 10.0
pi: 15.0
single: 4.99044585007
tot
[[ 140.61414193   -7.83543584    6.8606137 ]]
tot
[[  -7.83543584  140.76000516   -7.99301317]]
tot
[[  6.8606137   -7.99301317  65.14210636]]
type eta: <type 'numpy.float64'>
calpol:
[[  7.52704000e+01   0.00000000e+00   0.00000000e+00]
 [  2.43851000e-04   7.52665000e+01   0.00000000e+00]
 [  4.65676000e-05  -4.73280000e-05   4.08866000e+01]]
pypol:
[[ 140.61414193   -7.83543584    6.8606137 ]
 [  -7.83543584  140.76000516   -7.99301317]
 [   6.8606137    -7.99301317   65.14210636]]
py_over_cal
[[  1.86812003e+00             -inf              inf]
 [ -3.21320636e+04   1.87015479e+00             -inf]
 [  1.47325902e+05   1.68885505e+05   1.59323853e+00]]
absdiffit:
9319.88617689
../Molecules/NAPHTA_picen_fit_aniso_no_charge.xyz
keywords understood:
H: 0.001
C: 10.0
pi: 15.0
single: 4.99044585007
tot
[[ 106.75331607  -16.71508656    5.07973548]]
tot
[[ -16.71508656  176.68860343   30.20249186]]
tot
[[   5.07973548   30.20249186  248.81698716]]
type eta: <type 'numpy.float64'>
calpol:
[[  85.1836      0.          0.      ]
 [  23.9625    106.008       0.      ]
 [ -30.2545     -0.525494  142.692   ]]
pypol:
[[ 106.75331607  -16.71508656    5.07973548]
 [ -16.71508656  176.68860343   30.20249186]
 [   5.07973548   30.20249186  248.81698716]]
py_over_cal
[[  1.25321442         -inf          inf]
 [ -0.69755186   1.66674782          inf]
 [ -0.16790016 -57.47447517   1.74373467]]
absdiffit:
20570.8966122
../Molecules/TETCEN_picen_fit_aniso_no_charge.xyz
keywords understood:
H: 0.001
C: 10.0
pi: 15.0
single: 4.99044585007
tot
[[ 173.64247719  -21.48253517  -26.26425289]]
tot
[[ -21.48253517  286.06779267  -23.95039734]]
tot
[[ -26.26425289  -23.95039734  769.10802873]]
type eta: <type 'numpy.float64'>
calpol:
[[ 142.846     0.        0.    ]
 [  56.9193  194.033     0.    ]
 [ -65.2828  -38.6246  372.183 ]]
pypol:
[[ 173.64247719  -21.48253517  -26.26425289]
 [ -21.48253517  286.06779267  -23.95039734]
 [ -26.26425289  -23.95039734  769.10802873]]
py_over_cal
[[ 1.21559216        -inf        -inf]
 [-0.37742093  1.47432546        -inf]
 [ 0.40231505  0.62008143  2.06647813]]
absdiffit:
174852.931505
../Molecules/ANTCEN_picen_fit_aniso_no_charge.xyz
keywords understood:
H: 0.001
C: 10.0
pi: 15.0
single: 4.99044585007
tot
[[ 151.95816254  -20.06224945   -4.15562854]]
tot
[[ -20.06224945  244.94730968   57.28225227]]
tot
[[  -4.15562854   57.28225227  351.3732081 ]]
type eta: <type 'numpy.float64'>
calpol:
[[ 133.581       0.          0.      ]
 [  33.3093    146.126       0.      ]
 [ -71.4756      0.232007  226.948   ]]
pypol:
[[ 151.95816254  -20.06224945   -4.15562854]
 [ -20.06224945  244.94730968   57.28225227]
 [  -4.15562854   57.28225227  351.3732081 ]]
py_over_cal
[[  1.13757318e+00             -inf             -inf]
 [ -6.02301743e-01   1.67627465e+00              inf]
 [  5.81405198e-02   2.46898810e+02   1.54825426e+00]]
absdiffit:
36220.2350943
../Molecules/Pc_picen_fit_aniso_no_charge.xyz
keywords understood:
H: 0.001
C: 10.0
pi: 15.0
single: 4.99044585007
tot
[[ 210.10463834  -15.980142    -42.2226706 ]]
tot
[[ -15.980142    324.3811099   -98.27927169]]
tot
[[  -42.2226706    -98.27927169  1106.24687321]]
type eta: <type 'numpy.float64'>
calpol:
[[ 179.669     0.        0.    ]
 [  80.7973  243.616     0.    ]
 [ -88.0381  -66.27    516.043 ]]
pypol:
[[  210.10463834   -15.980142     -42.2226706 ]
 [  -15.980142     324.3811099    -98.27927169]
 [  -42.2226706    -98.27927169  1106.24687321]]
py_over_cal
[[ 1.16939838        -inf        -inf]
 [-0.19778064  1.3315263         -inf]
 [ 0.47959543  1.483013    2.14371065]]
absdiffit:
368279.463331
etatot
609243.41272
      609243 |            8           10        0.001      4.99045           15
../Molecules/BENZENE_picen_fit_aniso_no_charge.xyz
keywords understood:
H: 0.001
C: 10.0
pi: 15.0381285131
single: 5.0
tot
[[ 140.80634073   -7.85594178    6.87326463]]
tot
[[  -7.85594178  140.95027996   -8.01043058]]
tot
[[  6.87326463  -8.01043058  65.16871704]]
type eta: <type 'numpy.float64'>
calpol:
[[  7.52704000e+01   0.00000000e+00   0.00000000e+00]
 [  2.43851000e-04   7.52665000e+01   0.00000000e+00]
 [  4.65676000e-05  -4.73280000e-05   4.08866000e+01]]
pypol:
[[ 140.80634073   -7.85594178    6.87326463]
 [  -7.85594178  140.95027996   -8.01043058]
 [   6.87326463   -8.01043058   65.16871704]]
py_over_cal
[[  1.87067347e+00             -inf              inf]
 [ -3.22161557e+04   1.87268280e+00             -inf]
 [  1.47597571e+05   1.69253520e+05   1.59388937e+00]]
absdiffit:
9372.06670369
../Molecules/NAPHTA_picen_fit_aniso_no_charge.xyz
keywords understood:
H: 0.001
C: 10.0
pi: 15.0381285131
single: 5.0
tot
[[ 106.78291916  -16.76769585    5.11620466]]
tot
[[ -16.76769585  176.86777586   30.29809915]]
tot
[[   5.11620466   30.29809915  249.18637427]]
type eta: <type 'numpy.float64'>
calpol:
[[  85.1836      0.          0.      ]
 [  23.9625    106.008       0.      ]
 [ -30.2545     -0.525494  142.692   ]]
pypol:
[[ 106.78291916  -16.76769585    5.11620466]
 [ -16.76769585  176.86777586   30.29809915]
 [   5.11620466   30.29809915  249.18637427]]
py_over_cal
[[  1.25356194         -inf          inf]
 [ -0.69974735   1.668438            inf]
 [ -0.16910558 -57.6564131    1.74632337]]
absdiffit:
20688.8196702
../Molecules/TETCEN_picen_fit_aniso_no_charge.xyz
keywords understood:
H: 0.001
C: 10.0
pi: 15.0381285131
single: 5.0
tot
[[ 173.67532658  -21.56704843  -26.27993839]]
tot
[[ -21.56704843  286.30521399  -23.99633182]]
tot
[[ -26.27993839  -23.99633182  771.17189318]]
type eta: <type 'numpy.float64'>
calpol:
[[ 142.846     0.        0.    ]
 [  56.9193  194.033     0.    ]
 [ -65.2828  -38.6246  372.183 ]]
pypol:
[[ 173.67532658  -21.56704843  -26.27993839]
 [ -21.56704843  286.30521399  -23.99633182]
 [ -26.27993839  -23.99633182  771.17189318]]
py_over_cal
[[ 1.21582212        -inf        -inf]
 [-0.37890572  1.47554908        -inf]
 [ 0.40255532  0.62127069  2.07202342]]
absdiffit:
176552.062069
../Molecules/ANTCEN_picen_fit_aniso_no_charge.xyz
keywords understood:
H: 0.001
C: 10.0
pi: 15.0381285131
single: 5.0
tot
[[ 151.99850377  -20.12768251   -4.11007431]]
tot
[[ -20.12768251  245.20699746   57.4641203 ]]
tot
[[  -4.11007431   57.4641203   351.88499939]]
type eta: <type 'numpy.float64'>
calpol:
[[ 133.581       0.          0.      ]
 [  33.3093    146.126       0.      ]
 [ -71.4756      0.232007  226.948   ]]
pypol:
[[ 151.99850377  -20.12768251   -4.11007431]
 [ -20.12768251  245.20699746   57.4641203 ]
 [  -4.11007431   57.4641203   351.88499939]]
py_over_cal
[[  1.13787518e+00             -inf             -inf]
 [ -6.04266151e-01   1.67805180e+00              inf]
 [  5.75031803e-02   2.47682701e+02   1.55050937e+00]]
absdiffit:
36434.6422641
../Molecules/Pc_picen_fit_aniso_no_charge.xyz
keywords understood:
H: 0.001
C: 10.0
pi: 15.0381285131
single: 5.0
tot
[[ 210.14243294  -16.06122719  -42.27387883]]
tot
[[ -16.06122719  324.63688827  -98.64221155]]
tot
[[  -42.27387883   -98.64221155  1109.77542722]]
type eta: <type 'numpy.float64'>
calpol:
[[ 179.669     0.        0.    ]
 [  80.7973  243.616     0.    ]
 [ -88.0381  -66.27    516.043 ]]
pypol:
[[  210.14243294   -16.06122719   -42.27387883]
 [  -16.06122719   324.63688827   -98.64221155]
 [  -42.27387883   -98.64221155  1109.77542722]]
py_over_cal
[[ 1.16960874        -inf        -inf]
 [-0.19878421  1.33257622        -inf]
 [ 0.48017709  1.48848969  2.15054836]]
absdiffit:
372535.107893
etatot
615582.6986
      615583 |            8           10        0.001            5      15.0381
../Molecules/BENZENE_picen_fit_aniso_no_charge.xyz
keywords understood:
H: 0.001
C: 10.0
pi: 14.9618715596
single: 5.0
tot
[[ 140.49617792   -7.81875846    6.84641561]]
tot
[[  -7.81875846  140.6439667    -7.97481843]]
tot
[[  6.84641561  -7.97481843  65.11564175]]
type eta: <type 'numpy.float64'>
calpol:
[[  7.52704000e+01   0.00000000e+00   0.00000000e+00]
 [  2.43851000e-04   7.52665000e+01   0.00000000e+00]
 [  4.65676000e-05  -4.73280000e-05   4.08866000e+01]]
pypol:
[[ 140.49617792   -7.81875846    6.84641561]
 [  -7.81875846  140.6439667    -7.97481843]
 [   6.84641561   -7.97481843   65.11564175]]
py_over_cal
[[  1.86655283e+00             -inf              inf]
 [ -3.20636719e+04   1.86861308e+00             -inf]
 [  1.47021011e+05   1.68501066e+05   1.59259126e+00]]
absdiffit:
9287.26826171
../Molecules/NAPHTA_picen_fit_aniso_no_charge.xyz
keywords understood:
H: 0.001
C: 10.0
pi: 14.9618715596
single: 5.0
tot
[[ 106.73188279  -16.68334281    5.04676116]]
tot
[[ -16.68334281  176.59830023   30.15964922]]
tot
[[   5.04676116   30.15964922  248.56770843]]
type eta: <type 'numpy.float64'>
calpol:
[[  85.1836      0.          0.      ]
 [  23.9625    106.008       0.      ]
 [ -30.2545     -0.525494  142.692   ]]
pypol:
[[ 106.73188279  -16.68334281    5.04676116]
 [ -16.68334281  176.59830023   30.15964922]
 [   5.04676116   30.15964922  248.56770843]]
py_over_cal
[[  1.25296281         -inf          inf]
 [ -0.69622714   1.66589597          inf]
 [ -0.16681026 -57.39294686   1.7419877 ]]
absdiffit:
